6 0.7354166666666667 0.24537037037037038 0.178125 0.24814814814814815
12 0.51875 0.3138888888888889 0.05677083333333333 0.12685185185185185
15 0.6625 0.23981481481481481 0.10833333333333334 0.1361111111111111
0 0.80625 0.3814814814814815 0.12135416666666667 0.27314814814814814
13 0.6302083333333334 0.6972222222222222 0.06666666666666667 0.1287037037037037
9 0.5791666666666667 0.4111111111111111 0.1125 0.19074074074074074
0 0.71875 0.8148148148148148 0.07916666666666666 0.23703703703703705
10 0.5572916666666666 0.6935185185185185 0.1078125 0.16666666666666666
8 0.71875 0.6509259259259259 0.07552083333333333 0.10277777777777777
0 0.1828125 0.7018518518518518 0.075 0.20277777777777778
