2 0.4661458333333333 0.39537037037037037 0.190625 0.4925925925925926
13 0.4328125 0.3351851851851852 0.06979166666666667 0.12777777777777777
13 0.4552083333333333 0.09722222222222222 0.06770833333333333 0.13425925925925927
2 0.8984375 0.6333333333333333 0.1875 0.4925925925925926
0 0.6145833333333334 0.08796296296296297 0.11770833333333333 0.17592592592592593
0 0.371875 0.7805555555555556 0.103125 0.1787037037037037
7 0.46041666666666664 0.8101851851851852 0.075 0.12777777777777777
2 0.1640625 0.5037037037037037 0.15260416666666668 0.49722222222222223
6 0.32135416666666666 0.15185185185185185 0.11927083333333334 0.15462962962962962
7 0.6713541666666667 0.4212962962962963 0.08125 0.12407407407407407
0 0.803125 0.825925925925926 0.128125 0.13703703703703704
