2 0.14427083333333332 0.7925925925925926 0.12916666666666668 0.38796296296296295
7 0.5609375 0.8037037037037037 0.09270833333333334 0.16203703703703703
2 0.6942708333333333 0.1951388888888889 0.18385416666666668 0.3902777777777778
3 0.8151041666666666 0.48148148148148145 0.0953125 0.13333333333333333
3 0.7723958333333333 0.46944444444444444 0.090625 0.1527777777777778
15 0.8458333333333333 0.7759259259259259 0.13489583333333333 0.19907407407407407
10 0.6494791666666667 0.7203703703703703 0.146875 0.18518518518518517
16 0.6864583333333333 0.6638888888888889 0.08125 0.1814814814814815
1 0.6671875 0.09467592592592593 0.11927083333333334 0.18935185185185185
0 0.40520833333333334 0.5064814814814815 0.07291666666666667 0.23796296296296296
0 0.971484375 0.9134259259259259 0.05703124999999998 0.17314814814814816
