1 0.1 0.9175925925925926 0.08177083333333333 0.12962962962962962
7 0.19479166666666667 0.5574074074074075 0.08229166666666667 0.11666666666666667
11 0.609375 0.18009259259259258 0.20052083333333334 0.36018518518518516
15 0.23229166666666667 0.6268518518518519 0.10208333333333333 0.15555555555555556
8 0.15625 0.4648148148148148 0.08177083333333333 0.15092592592592594
10 0.121875 0.6638888888888889 0.1375 0.1648148148148148
1 0.4010416666666667 0.9085648148148148 0.15052083333333333 0.18287037037037046
14 0.3541666666666667 0.8833333333333333 0.058854166666666666 0.15648148148148147
18 0.32760416666666664 0.412962962962963 0.07291666666666667 0.14722222222222223
0 0.9494791666666667 0.5185185185185185 0.09270833333333334 0.15185185185185185
