7 0.2671875 0.7 0.10572916666666667 0.18425925925925926
2 0.3182291666666667 0.2638888888888889 0.15104166666666666 0.44074074074074077
19 0.06979166666666667 0.7638888888888888 0.07083333333333333 0.14722222222222223
14 0.3484375 0.3351851851851852 0.050520833333333334 0.11018518518518519
11 0.9242187500000001 0.5657407407407408 0.15156249999999993 0.49074074074074076
6 0.2046875 0.6666666666666666 0.07604166666666666 0.0962962962962963
0 0.6979166666666666 0.45925925925925926 0.07395833333333333 0.14907407407407408
0 0.23854166666666668 0.2518518518518518 0.0921875 0.17685185185185184
7 0.0234375 0.6953703703703704 0.046875 0.17222222222222222
2 0.11510416666666666 0.24050925925925926 0.18958333333333333 0.4810185185185185
