0 0.4036458333333333 0.08425925925925926 0.07864583333333333 0.1685185185185185
13 0.03841145833333333 0.4740740740740741 0.07682291666666666 0.13240740740740742
2 0.11458333333333333 0.16365740740740742 0.1703125 0.32731481481481484
10 0.5458333333333333 0.4898148148148148 0.12916666666666668 0.19907407407407407
4 0.5734375 0.42685185185185187 0.12395833333333334 0.22037037037037038
6 0.26979166666666665 0.6277777777777778 0.05260416666666667 0.09907407407407408
11 0.7692708333333333 0.4046296296296296 0.23177083333333334 0.5444444444444444
1 0.1390625 0.36666666666666664 0.09114583333333333 0.19444444444444445
15 0.409375 0.7361111111111112 0.0671875 0.10462962962962963
0 0.9286458333333333 0.8083333333333333 0.0953125 0.262037037037037
