7 0.8291666666666667 0.4462962962962963 0.08958333333333333 0.14814814814814814
15 0.625 0.6157407407407407 0.08489583333333334 0.21574074074074073
11 0.33229166666666665 0.7824074074074074 0.22447916666666667 0.4351851851851851
1 0.30885416666666665 0.4388888888888889 0.16666666666666666 0.21481481481481482
2 0.09895833333333333 0.8409722222222222 0.14583333333333334 0.31805555555555554
9 0.8442708333333333 0.25277777777777777 0.05520833333333333 0.09907407407407408
11 0.8265625 0.1275462962962963 0.16302083333333334 0.2550925925925926
16 0.6421875 0.4842592592592593 0.0875 0.11944444444444445
9 0.6640625 0.42962962962962964 0.05625 0.08611111111111111
7 0.734375 0.924074074074074 0.08645833333333333 0.1388888888888889
