0 0.41510416666666666 0.37777777777777777 0.06822916666666666 0.19444444444444445
11 0.5052083333333334 0.14675925925925926 0.19479166666666667 0.2935185185185185
16 0.39166666666666666 0.2064814814814815 0.08802083333333334 0.1925925925925926
0 0.7192708333333333 0.22777777777777777 0.09114583333333333 0.16018518518518518
4 0.16302083333333334 0.6824074074074075 0.057291666666666664 0.08611111111111111
0 0.7098958333333333 0.3388888888888889 0.07447916666666667 0.2324074074074074
18 0.32864583333333336 0.5259259259259259 0.07447916666666667 0.125
4 0.328125 0.65 0.1015625 0.18796296296296297
3 0.05364583333333333 0.774074074074074 0.0765625 0.12685185185185185
11 0.7411458333333333 0.18171296296296297 0.15677083333333333 0.36342592592592593
