12 0.5958333333333333 0.25833333333333336 0.07447916666666667 0.16296296296296298
15 0.6588541666666666 0.18981481481481483 0.08854166666666667 0.16296296296296298
2 0.16822916666666668 0.5601851851851852 0.23489583333333333 0.5314814814814814
16 0.6520833333333333 0.5703703703703704 0.06197916666666667 0.075
3 0.5619791666666667 0.7361111111111112 0.058333333333333334 0.11481481481481481
2 0.3416666666666667 0.3175925925925926 0.17083333333333334 0.4444444444444444
15 0.5994791666666667 0.7398148148148148 0.12083333333333333 0.23148148148148148
7 0.5760416666666667 0.1962962962962963 0.06666666666666667 0.1111111111111111
0 0.20677083333333332 0.8851851851851852 0.13541666666666666 0.17962962962962964
1 0.45208333333333334 0.5388888888888889 0.13489583333333333 0.12129629629629629
