16 0.8755208333333333 0.5703703703703704 0.07395833333333333 0.2
11 0.7802083333333333 0.38425925925925924 0.13958333333333334 0.44537037037037036
4 0.7203125 0.38425925925925924 0.10208333333333333 0.16203703703703703
3 0.7765625 0.03819444444444445 0.05677083333333333 0.0763888888888889
14 0.7869791666666667 0.4981481481481482 0.05625 0.09259259259259259
11 0.051171875 0.11689814814814815 0.10234375 0.2337962962962963
12 0.7171875 0.6425925925925926 0.0515625 0.07037037037037037
0 0.946875 0.5805555555555556 0.0734375 0.3037037037037037
13 0.9734375 0.10740740740740741 0.05312499999999998 0.11296296296296296
1 0.20052083333333334 0.17592592592592593 0.1125 0.13148148148148148
2 0.8796875 0.5972222222222222 0.16197916666666667 0.562962962962963
