17 0.45416666666666666 0.6361111111111111 0.06979166666666667 0.1175925925925926
4 0.5026041666666666 0.4981481481481482 0.10833333333333334 0.17407407407407408
1 0.5598958333333334 0.8435185185185186 0.125 0.25462962962962965
9 0.5614583333333333 0.5777777777777777 0.13072916666666667 0.1675925925925926
18 0.5739583333333333 0.4074074074074074 0.0921875 0.11481481481481481
4 0.5317708333333333 0.7101851851851851 0.09010416666666667 0.12407407407407407
16 0.42552083333333335 0.5222222222222223 0.07135416666666666 0.13518518518518519
12 0.3697916666666667 0.7361111111111112 0.1 0.21388888888888888
2 0.49166666666666664 0.7194444444444444 0.1671875 0.5611111111111111
0 0.7171875 0.6703703703703704 0.09166666666666666 0.2111111111111111
11 0.048567708333333334 0.4962962962962963 0.09713541666666667 0.5805555555555556
