18 0.6359375 0.1037037037037037 0.10260416666666666 0.2037037037037037
4 0.6770833333333334 0.6657407407407407 0.06197916666666667 0.11203703703703703
11 0.11822916666666666 0.12986111111111112 0.21927083333333333 0.25972222222222224
6 0.6760416666666667 0.6361111111111111 0.11979166666666667 0.1574074074074074
0 0.8635416666666667 0.12777777777777777 0.07395833333333333 0.24444444444444444
0 0.6276041666666666 0.24814814814814815 0.10729166666666666 0.175
10 0.6817708333333333 0.6638888888888889 0.13489583333333333 0.21574074074074073
2 0.21041666666666667 0.3824074074074074 0.15989583333333332 0.4638888888888889
13 0.8239583333333333 0.29907407407407405 0.09635416666666667 0.14537037037037037
15 0.7026041666666667 0.9625 0.0609375 0.07499999999999996
19 0.5708333333333333 0.6305555555555555 0.084375 0.1287037037037037
