1 0.06718750000000001 0.35 0.13437500000000002 0.23055555555555557
11 0.596875 0.7284722222222222 0.18333333333333332 0.5430555555555556
14 0.459375 0.4305555555555556 0.0796875 0.12314814814814815
0 0.6328125 0.5203703703703704 0.10729166666666666 0.2518518518518518
15 0.3453125 0.6666666666666666 0.10260416666666666 0.11666666666666667
7 0.7421875 0.06759259259259259 0.10885416666666667 0.13518518518518519
18 0.4401041666666667 0.9650462962962962 0.07916666666666666 0.06990740740740742
1 0.9078125 0.7787037037037037 0.0515625 0.11296296296296296
2 0.08281250000000001 0.5046296296296297 0.16562500000000002 0.4685185185185185
11 0.25833333333333336 0.6805555555555556 0.21666666666666667 0.5472222222222223
