3 0.18541666666666667 0.7018518518518518 0.0609375 0.1111111111111111
8 0.3046875 0.16203703703703703 0.0703125 0.14074074074074075
13 0.27760416666666665 0.6944444444444444 0.050520833333333334 0.08055555555555556
15 0.2515625 0.33796296296296297 0.06927083333333334 0.12037037037037036
2 0.20104166666666667 0.737037037037037 0.18697916666666667 0.48703703703703705
11 0.7234375 0.8564814814814815 0.13125 0.287037037037037
0 0.041406250000000006 0.700925925925926 0.08281250000000001 0.20925925925925926
15 0.021744791666666666 0.8759259259259259 0.04348958333333333 0.09907407407407408
11 0.085546875 0.30462962962962964 0.17109375 0.5675925925925925
10 0.3302083333333333 0.6231481481481481 0.103125 0.10648148148148148
