11 0.9390624999999999 0.6888888888888889 0.12187500000000007 0.4388888888888889
12 0.34427083333333336 0.7333333333333333 0.10364583333333334 0.14722222222222223
0 0.7755208333333333 0.3490740740740741 0.12604166666666666 0.12685185185185185
3 0.284375 0.45092592592592595 0.06354166666666666 0.1388888888888889
11 0.26458333333333334 0.8252314814814815 0.1328125 0.349537037037037
16 0.2421875 0.40370370370370373 0.07083333333333333 0.13518518518518519
4 0.33489583333333334 0.5675925925925925 0.103125 0.1685185185185185
5 0.28541666666666665 0.7675925925925926 0.0765625 0.19814814814814816
0 0.5541666666666667 0.3194444444444444 0.11666666666666667 0.2074074074074074
0 0.3489583333333333 0.6 0.09635416666666667 0.19814814814814816
