11 0.08385416666666666 0.7546296296296297 0.14635416666666667 0.41388888888888886
0 0.4625 0.4101851851851852 0.07604166666666666 0.21388888888888888
7 0.66875 0.6657407407407407 0.12552083333333333 0.2462962962962963
3 0.5286458333333334 0.42777777777777776 0.07239583333333334 0.12129629629629629
3 0.5380208333333333 0.5453703703703704 0.059895833333333336 0.14722222222222223
1 0.6723958333333333 0.30092592592592593 0.12239583333333333 0.13518518518518519
15 0.721875 0.5601851851851852 0.1140625 0.2361111111111111
12 0.6755208333333333 0.05277777777777778 0.04635416666666667 0.1037037037037037
11 0.931640625 0.3638888888888889 0.13671875 0.5101851851851852
5 0.8661458333333333 0.26666666666666666 0.09479166666666666 0.13055555555555556
19 0.7510416666666667 0.1824074074074074 0.090625 0.19907407407407407
0 0.8442708333333333 0.5555555555555556 0.06770833333333333 0.1814814814814815
