2 0.234375 0.7155092592592592 0.17083333333333334 0.5689814814814815
4 0.2916666666666667 0.6824074074074075 0.075 0.12037037037037036
15 0.23333333333333334 0.34444444444444444 0.090625 0.1638888888888889
0 0.4661458333333333 0.9331018518518519 0.06041666666666667 0.1337962962962963
10 0.3453125 0.28425925925925927 0.1015625 0.10092592592592593
2 0.9338541666666667 0.587037037037037 0.1322916666666667 0.4583333333333333
2 0.38697916666666665 0.5453703703703704 0.15833333333333333 0.44907407407407407
3 0.25 0.5277777777777778 0.04583333333333333 0.09259259259259259
0 0.16927083333333334 0.6111111111111112 0.1109375 0.2935185185185185
16 0.178125 0.6027777777777777 0.07395833333333333 0.10925925925925926
