4 0.6427083333333333 0.37407407407407406 0.128125 0.2351851851851852
12 0.3848958333333333 0.5731481481481482 0.0734375 0.10185185185185185
11 0.6869791666666667 0.7932870370370371 0.20625 0.413425925925926
4 0.5078125 0.2222222222222222 0.065625 0.12407407407407407
11 0.16458333333333333 0.7078703703703704 0.19427083333333334 0.5842592592592593
8 0.7734375 0.1259259259259259 0.06666666666666667 0.1037037037037037
2 0.22447916666666667 0.6240740740740741 0.19010416666666666 0.5342592592592592
19 0.5661458333333333 0.38333333333333336 0.09166666666666666 0.1574074074074074
0 0.19322916666666667 0.9164351851851852 0.0734375 0.16712962962962963
13 0.7145833333333333 0.362962962962963 0.08333333333333333 0.1814814814814815
