16 0.328125 0.725925925925926 0.04583333333333333 0.07592592592592592
7 0.30885416666666665 0.4351851851851852 0.07239583333333334 0.1259259259259259
4 0.4197916666666667 0.6277777777777778 0.08125 0.1287037037037037
9 0.2552083333333333 0.36666666666666664 0.10677083333333333 0.1574074074074074
11 0.121875 0.2671296296296296 0.15208333333333332 0.5342592592592592
18 0.34479166666666666 0.5203703703703704 0.09010416666666667 0.13425925925925927
17 0.41041666666666665 0.4351851851851852 0.10625 0.13703703703703704
0 0.06979166666666667 0.8905092592592593 0.07291666666666667 0.21898148148148144
2 0.08802083333333333 0.40925925925925927 0.17604166666666665 0.5055555555555555
11 0.6473958333333333 0.8939814814814815 0.13229166666666667 0.21203703703703702
