0 0.5895833333333333 0.09907407407407408 0.10989583333333333 0.16018518518518518
9 0.575 0.6777777777777778 0.08020833333333334 0.20092592592592592
8 0.540625 0.687962962962963 0.07708333333333334 0.17592592592592593
16 0.5067708333333333 0.5435185185185185 0.0796875 0.10462962962962963
11 0.6494791666666667 0.837037037037037 0.1546875 0.32592592592592595
4 0.2578125 0.30185185185185187 0.1109375 0.15925925925925927
2 0.8442708333333333 0.4740740740740741 0.1921875 0.5092592592592593
14 0.21666666666666667 0.19166666666666668 0.10572916666666667 0.14444444444444443
3 0.37395833333333334 0.4203703703703704 0.04791666666666667 0.12222222222222222
0 0.9166666666666666 0.7898148148148149 0.109375 0.21203703703703702
11 0.6942708333333333 0.13703703703703704 0.13489583333333333 0.2740740740740741
