8 0.7276041666666667 0.45925925925925926 0.09322916666666667 0.15833333333333333
1 0.28802083333333334 0.6546296296296297 0.06875 0.1287037037037037
3 0.5260416666666666 0.5453703703703704 0.096875 0.12962962962962962
14 0.7072916666666667 0.034027777777777775 0.05260416666666667 0.06805555555555555
2 0.3578125 0.7796296296296296 0.17760416666666667 0.4407407407407409
0 0.7572916666666667 0.8805555555555555 0.07239583333333334 0.2037037037037037
2 0.5989583333333334 0.1099537037037037 0.14947916666666666 0.2199074074074074
17 0.7505208333333333 0.2490740740740741 0.06614583333333333 0.08518518518518518
15 0.6130208333333333 0.4537037037037037 0.08958333333333333 0.12129629629629629
14 0.6614583333333334 0.5944444444444444 0.07708333333333334 0.1398148148148148
9 0.5828125 0.6388888888888888 0.09375 0.14814814814814814
