9 0.48125 0.46944444444444444 0.09479166666666666 0.18611111111111112
13 0.2640625 0.31851851851851853 0.09375 0.17222222222222222
16 0.25677083333333334 0.4009259259259259 0.053125 0.12407407407407407
4 0.21875 0.35185185185185186 0.109375 0.1935185185185185
15 0.4401041666666667 0.07337962962962963 0.128125 0.14675925925925926
6 0.17083333333333334 0.5212962962962963 0.0859375 0.14166666666666666
16 0.4234375 0.44907407407407407 0.06302083333333333 0.1574074074074074
0 0.048046874999999996 0.5472222222222223 0.09609374999999999 0.2611111111111111
0 0.7333333333333333 0.7453703703703703 0.10104166666666667 0.17407407407407408
11 0.937890625 0.28703703703703703 0.12421875000000004 0.4527777777777778
