5 0.6494791666666667 0.18333333333333332 0.07135416666666666 0.16574074074074074
6 0.5 0.0798611111111111 0.09166666666666666 0.1597222222222222
2 0.46770833333333334 0.8460648148148148 0.19739583333333333 0.30787037037037046
5 0.48333333333333334 0.5083333333333333 0.04479166666666667 0.06851851851851852
7 0.39739583333333334 0.3509259259259259 0.09479166666666666 0.17222222222222222
0 0.9415364583333333 0.18703703703703703 0.11692708333333335 0.29074074074074074
0 0.6494791666666667 0.42777777777777776 0.06666666666666667 0.17592592592592593
17 0.5854166666666667 0.6324074074074074 0.10833333333333334 0.14814814814814814
16 0.29583333333333334 0.6555555555555556 0.0984375 0.12222222222222222
2 0.4432291666666667 0.17453703703703705 0.15572916666666667 0.3490740740740741
