12 0.7385416666666667 0.6416666666666667 0.0390625 0.10740740740740741
0 0.8010416666666667 0.45092592592592595 0.10416666666666667 0.2
4 0.7864583333333334 0.6212962962962963 0.0796875 0.16018518518518518
1 0.9390625 0.3351851851851852 0.1125 0.17777777777777778
13 0.6494791666666667 0.3888888888888889 0.0796875 0.1037037037037037
7 0.6552083333333333 0.5472222222222223 0.09375 0.1111111111111111
0 0.5864583333333333 0.225 0.15104166666666666 0.2935185185185185
10 0.6723958333333333 0.2796296296296296 0.12083333333333333 0.26481481481481484
2 0.353125 0.25277777777777777 0.16927083333333334 0.5055555555555555
11 0.3619791666666667 0.8060185185185185 0.16979166666666667 0.38796296296296295
16 0.6333333333333333 0.42314814814814816 0.07135416666666666 0.12314814814814815
