16 0.565625 0.7787037037037037 0.0609375 0.11666666666666667
0 0.03125 0.5398148148148149 0.0625 0.2898148148148148
19 0.66875 0.837037037037037 0.15416666666666667 0.14444444444444443
0 0.9458333333333333 0.06180555555555556 0.046875 0.12361111111111112
2 0.425 0.41944444444444445 0.1765625 0.5009259259259259
10 0.5302083333333333 0.31203703703703706 0.08385416666666666 0.16296296296296298
3 0.565625 0.5398148148148149 0.090625 0.15833333333333333
2 0.3958333333333333 0.3907407407407407 0.2015625 0.5203703703703704
15 0.503125 0.5898148148148148 0.04583333333333333 0.15833333333333333
0 0.052734375 0.35 0.10546875 0.24259259259259258
19 0.6239583333333333 0.49074074074074076 0.14427083333333332 0.21203703703703702
10 0.3625 0.23425925925925925 0.07552083333333333 0.11851851851851852
2 0.13802083333333334 0.29814814814814816 0.14114583333333333 0.42407407407407405
