5 0.9255208333333333 0.4444444444444444 0.0796875 0.09444444444444444
18 0.8463541666666666 0.36018518518518516 0.07291666666666667 0.1648148148148148
3 0.7385416666666667 0.7462962962962963 0.07395833333333333 0.1935185185185185
15 0.6234375 0.5472222222222223 0.13020833333333334 0.13796296296296295
11 0.6520833333333333 0.12824074074074074 0.1765625 0.2564814814814815
6 0.7942708333333334 0.24351851851851852 0.07239583333333334 0.14814814814814814
0 0.22083333333333333 0.3527777777777778 0.0671875 0.25
0 0.190625 0.41759259259259257 0.0828125 0.25462962962962965
0 0.38229166666666664 0.22407407407407406 0.06822916666666666 0.16203703703703703
11 0.29583333333333334 0.7453703703703703 0.1765625 0.47962962962962963
4 0.9057291666666667 0.4898148148148148 0.06614583333333333 0.1259259259259259
6 0.9109375 0.40370370370370373 0.08072916666666667 0.1685185185185185
