6 0.8546875 0.4925925925925926 0.07864583333333333 0.16296296296296298
3 0.7421875 0.649074074074074 0.06875 0.125
10 0.7135416666666666 0.7055555555555556 0.12760416666666666 0.125
4 0.8161458333333333 0.6194444444444445 0.1109375 0.19444444444444445
5 0.8192708333333333 0.6518518518518519 0.08125 0.12685185185185185
4 0.6630208333333333 0.5148148148148148 0.08020833333333334 0.1425925925925926
0 0.7770833333333333 0.33796296296296297 0.10989583333333333 0.14629629629629629
0 0.39427083333333335 0.39814814814814814 0.12447916666666667 0.17314814814814813
11 0.4083333333333333 0.24236111111111114 0.13125 0.4847222222222223
19 0.5458333333333333 0.5518518518518518 0.12447916666666667 0.23333333333333334
2 0.6885416666666667 0.2916666666666667 0.16041666666666668 0.4601851851851852
0 0.278125 0.12013888888888888 0.08697916666666666 0.24027777777777776
