11 0.7302083333333333 0.2814814814814815 0.22395833333333334 0.5481481481481482
7 0.7296875 0.5407407407407407 0.0734375 0.13055555555555556
11 0.728125 0.5268518518518519 0.15260416666666668 0.43425925925925923
16 0.8807291666666667 0.48703703703703705 0.0828125 0.1685185185185185
11 0.5895833333333333 0.7516203703703703 0.1765625 0.49675925925925934
14 0.6833333333333333 0.6416666666666667 0.08958333333333333 0.12962962962962962
1 0.8828125 0.5703703703703704 0.11875 0.11388888888888889
5 0.58125 0.14074074074074075 0.05572916666666667 0.14814814814814814
10 0.7510416666666667 0.2462962962962963 0.12552083333333333 0.22314814814814815
3 0.981640625 0.45740740740740743 0.03671875000000002 0.11388888888888889
