10 0.34010416666666665 0.325 0.15729166666666666 0.30277777777777776
10 0.2713541666666667 0.42685185185185187 0.13333333333333333 0.20462962962962963
2 0.7041666666666667 0.47129629629629627 0.11510416666666666 0.3731481481481482
19 0.19166666666666668 0.3611111111111111 0.13489583333333333 0.1925925925925926
18 0.25729166666666664 0.46574074074074073 0.06354166666666666 0.09351851851851851
0 0.6921875 0.7342592592592593 0.07447916666666667 0.24166666666666667
14 0.3375 0.06018518518518519 0.0765625 0.12037037037037038
0 0.6911458333333333 0.700925925925926 0.08229166666666667 0.21203703703703702
0 0.434375 0.3509259259259259 0.0875 0.20833333333333334
12 0.25052083333333336 0.40555555555555556 0.06354166666666666 0.17222222222222222
