14 0.4734375 0.28055555555555556 0.06458333333333334 0.17592592592592593
11 0.5848958333333333 0.5287037037037037 0.21770833333333334 0.6601851851851852
6 0.6270833333333333 0.5518518518518518 0.09322916666666667 0.10277777777777777
11 0.11927083333333334 0.39537037037037037 0.17395833333333333 0.5879629629629629
0 0.9692708333333333 0.5194444444444445 0.06145833333333333 0.20925925925925926
8 0.5182291666666666 0.9282407407407407 0.1453125 0.1435185185185186
19 0.3109375 0.4722222222222222 0.11302083333333333 0.24351851851851852
9 0.5098958333333333 0.4898148148148148 0.06041666666666667 0.11851851851851852
6 0.6296875 0.6620370370370371 0.0578125 0.0824074074074074
1 0.9328125 0.30277777777777776 0.0609375 0.13425925925925927
