3 0.5567708333333333 0.24166666666666667 0.08802083333333334 0.21944444444444444
0 0.553125 0.22037037037037038 0.15416666666666667 0.29074074074074074
9 0.29583333333333334 0.2074074074074074 0.071875 0.1425925925925926
11 0.9010416666666666 0.14930555555555555 0.1546875 0.2986111111111111
15 0.40625 0.5888888888888889 0.1140625 0.15925925925925927
11 0.2703125 0.38425925925925924 0.15052083333333333 0.45092592592592595
2 0.4921875 0.5018518518518519 0.18125 0.4583333333333333
0 0.22135416666666666 0.3435185185185185 0.11458333333333333 0.17222222222222222
0 0.5255208333333333 0.3351851851851852 0.05625 0.1962962962962963
5 0.22135416666666666 0.34629629629629627 0.058333333333333334 0.16018518518518518
