1 0.6828125 0.4111111111111111 0.08125 0.1814814814814815
3 0.6984375 0.8185185185185185 0.06041666666666667 0.13240740740740742
13 0.7916666666666666 0.9210648148148148 0.10572916666666667 0.15787037037037033
0 0.7510416666666667 0.41203703703703703 0.21197916666666666 0.30648148148148147
14 0.6723958333333333 0.24537037037037038 0.0625 0.10925925925925926
17 0.8322916666666667 0.6907407407407408 0.07916666666666666 0.08981481481481482
1 0.6359375 0.7287037037037037 0.12864583333333332 0.20462962962962963
5 0.39479166666666665 0.43148148148148147 0.040625 0.11481481481481481
10 0.6947916666666667 0.8898148148148148 0.09739583333333333 0.16574074074074074
15 0.9598958333333333 0.8212962962962963 0.06041666666666667 0.07777777777777778
