0 0.484375 0.46574074074074073 0.058333333333333334 0.17962962962962964
16 0.6484375 0.24814814814814815 0.0953125 0.17592592592592593
18 0.6807291666666667 0.5138888888888888 0.0875 0.1425925925925926
7 0.875 0.38425925925925924 0.084375 0.15185185185185185
0 0.7708333333333334 0.6324074074074074 0.10885416666666667 0.13796296296296295
15 0.5682291666666667 0.16666666666666666 0.09947916666666666 0.15555555555555556
10 0.69375 0.36018518518518516 0.07083333333333333 0.13703703703703704
14 0.775 0.5111111111111111 0.0734375 0.11203703703703703
0 0.6270833333333333 0.8351851851851851 0.08697916666666666 0.2833333333333333
4 0.5796875 0.5 0.08177083333333333 0.1287037037037037
