6 0.7203125 0.5703703703703704 0.0703125 0.1527777777777778
6 0.4421875 0.674074074074074 0.08177083333333333 0.15462962962962962
13 0.5098958333333333 0.19074074074074074 0.10104166666666667 0.23796296296296296
9 0.6057291666666667 0.9708333333333333 0.071875 0.05833333333333335
10 0.359375 0.36666666666666664 0.0484375 0.1
0 0.7119791666666667 0.8648148148148148 0.04739583333333333 0.2037037037037037
1 0.0890625 0.930787037037037 0.13854166666666667 0.13842592592592595
11 0.11041666666666666 0.4648148148148148 0.17395833333333333 0.5351851851851852
11 0.5229166666666667 0.20300925925925925 0.240625 0.4060185185185185
2 0.935546875 0.13449074074074074 0.12890625 0.2689814814814815
10 0.3255208333333333 0.5092592592592593 0.11302083333333333 0.1685185185185185
0 0.43697916666666664 0.8518518518518519 0.128125 0.23425925925925925
14 0.49583333333333335 0.20277777777777778 0.04635416666666667 0.07685185185185185
