16 0.4427083333333333 0.35555555555555557 0.05520833333333333 0.15
12 0.5078125 0.4462962962962963 0.0875 0.11574074074074074
0 0.6364583333333333 0.1537037037037037 0.1234375 0.15925925925925927
17 0.34427083333333336 0.44907407407407407 0.052083333333333336 0.10185185185185185
0 0.5927083333333333 0.5388888888888889 0.07864583333333333 0.20555555555555555
10 0.171875 0.04189814814814815 0.08020833333333334 0.0837962962962963
11 0.17916666666666667 0.15925925925925927 0.19635416666666666 0.31851851851851853
17 0.5380208333333333 0.20092592592592592 0.058333333333333334 0.11296296296296296
0 0.6755208333333333 0.11666666666666667 0.06666666666666667 0.18981481481481483
16 0.471875 0.5694444444444444 0.07552083333333333 0.11018518518518519
11 0.5911458333333334 0.1449074074074074 0.1796875 0.2898148148148148
