2 0.8401041666666667 0.25462962962962965 0.13385416666666666 0.42592592592592593
4 0.3078125 0.24166666666666667 0.053125 0.06666666666666667
16 0.3958333333333333 0.26944444444444443 0.06458333333333334 0.15
2 0.2713541666666667 0.5675925925925925 0.2015625 0.5194444444444445
0 0.090625 0.6148148148148148 0.04583333333333333 0.20185185185185187
14 0.4401041666666667 0.5009259259259259 0.096875 0.14722222222222223
13 0.3109375 0.825925925925926 0.11510416666666666 0.19537037037037036
15 0.503125 0.3574074074074074 0.1296875 0.24074074074074073
0 0.7140625 0.7685185185185185 0.10625 0.24537037037037038
11 0.6822916666666666 0.5416666666666666 0.1671875 0.5092592592592593
5 0.3645833333333333 0.9201388888888888 0.07135416666666666 0.1597222222222222
