13 0.6255208333333333 0.4101851851851852 0.0796875 0.12407407407407407
8 0.3776041666666667 0.5648148148148148 0.10052083333333334 0.17592592592592593
18 0.2833333333333333 0.562962962962963 0.0734375 0.10185185185185185
7 0.39479166666666665 0.3435185185185185 0.06822916666666666 0.09537037037037037
3 0.365625 0.24722222222222223 0.06822916666666666 0.08981481481481482
0 0.53125 0.9368055555555556 0.08229166666666667 0.12638888888888888
6 0.4817708333333333 0.512962962962963 0.10572916666666667 0.1398148148148148
1 0.7244791666666667 0.19722222222222222 0.16145833333333334 0.17407407407407408
18 0.4786458333333333 0.18703703703703703 0.07760416666666667 0.09537037037037037
0 0.1734375 0.23333333333333334 0.08489583333333334 0.17685185185185184
