6 0.4328125 0.2953703703703704 0.10208333333333333 0.12962962962962962
2 0.7604166666666666 0.6722222222222223 0.17604166666666668 0.5768518518518518
11 0.22447916666666667 0.7875000000000001 0.21875 0.42499999999999993
1 0.3145833333333333 0.4074074074074074 0.11458333333333333 0.15092592592592594
3 0.41354166666666664 0.16666666666666666 0.0515625 0.11481481481481481
1 0.42239583333333336 0.7 0.1265625 0.12314814814814815
16 0.39114583333333336 0.4046296296296296 0.109375 0.16018518518518518
19 0.32708333333333334 0.6259259259259259 0.12239583333333333 0.23333333333333334
11 0.30520833333333336 0.19374999999999998 0.18229166666666666 0.38749999999999996
8 0.3770833333333333 0.5879629629629629 0.06197916666666667 0.13148148148148148
16 0.4796875 0.8925925925925926 0.04375 0.08518518518518518
