12 0.35052083333333334 0.4361111111111111 0.08541666666666667 0.12962962962962962
7 0.3885416666666667 0.3731481481481482 0.10625 0.2324074074074074
15 0.3880208333333333 0.944675925925926 0.07552083333333333 0.11064814814814805
7 0.45625 0.4564814814814815 0.11458333333333333 0.12685185185185185
0 0.7255208333333333 0.8861111111111111 0.11666666666666667 0.22777777777777775
11 0.5229166666666667 0.7976851851851852 0.14947916666666666 0.4046296296296297
0 0.9708333333333333 0.6462962962962963 0.05833333333333335 0.22037037037037038
14 0.4296875 0.6314814814814815 0.07135416666666666 0.11481481481481481
15 0.6166666666666667 0.5361111111111111 0.11302083333333333 0.14074074074074075
1 0.22395833333333334 0.5342592592592592 0.07395833333333333 0.13240740740740742
