14 0.175 0.21574074074074073 0.052083333333333336 0.0712962962962963
0 0.02734375 0.5287037037037037 0.0546875 0.22037037037037038
2 0.19947916666666668 0.6324074074074074 0.16666666666666666 0.5657407407407408
19 0.1765625 0.6842592592592592 0.1109375 0.19722222222222222
15 0.3723958333333333 0.4305555555555556 0.14166666666666666 0.20092592592592592
7 0.16875 0.7398148148148148 0.08177083333333333 0.14444444444444443
0 0.3885416666666667 0.3111111111111111 0.09895833333333333 0.18981481481481483
11 0.9 0.24537037037037035 0.17760416666666667 0.4907407407407407
19 0.4479166666666667 0.5351851851851852 0.08385416666666666 0.12685185185185185
0 0.7546875 0.8009259259259259 0.049479166666666664 0.21388888888888888
9 0.37916666666666665 0.6416666666666667 0.06927083333333334 0.0962962962962963
11 0.8640625 0.4583333333333333 0.2125 0.5574074074074075
4 0.31145833333333334 0.4546296296296296 0.08541666666666667 0.13425925925925927
