7 0.3067708333333333 0.4212962962962963 0.04479166666666667 0.12037037037037036
1 0.16822916666666668 0.8490740740740741 0.05520833333333333 0.1037037037037037
3 0.66875 0.44166666666666665 0.05 0.09259259259259259
12 0.5333333333333333 0.21666666666666667 0.0703125 0.13055555555555556
3 0.4552083333333333 0.5555555555555556 0.08333333333333333 0.10648148148148148
10 0.415625 0.8638888888888889 0.1328125 0.20833333333333334
11 0.6260416666666667 0.42592592592592593 0.15729166666666666 0.45555555555555555
2 0.7921875 0.5416666666666666 0.14895833333333333 0.5398148148148149
15 0.4661458333333333 0.6592592592592592 0.05677083333333333 0.09814814814814815
2 0.6854166666666667 0.575 0.140625 0.43796296296296294
0 0.2984375 0.11944444444444445 0.07083333333333333 0.1787037037037037
8 0.5588541666666667 0.7305555555555555 0.07708333333333334 0.10740740740740741
