13 0.47239583333333335 0.5092592592592593 0.08854166666666667 0.1574074074074074
1 0.14166666666666666 0.5509259259259259 0.058854166666666666 0.13333333333333333
9 0.7322916666666667 0.44907407407407407 0.1703125 0.23981481481481481
6 0.4296875 0.46296296296296297 0.13020833333333334 0.14351851851851852
16 0.671875 0.34074074074074073 0.06770833333333333 0.1287037037037037
2 0.9475260416666667 0.5583333333333333 0.1049479166666667 0.5333333333333333
11 0.8557291666666667 0.6796296296296296 0.23802083333333332 0.5666666666666667
7 0.4390625 0.6722222222222223 0.11041666666666666 0.18055555555555555
0 0.5036458333333333 0.9155092592592593 0.059375 0.1689814814814814
1 0.7916666666666666 0.08611111111111111 0.0453125 0.07407407407407407
18 0.3859375 0.2777777777777778 0.046875 0.09814814814814815
