11 0.16770833333333332 0.16087962962962962 0.14270833333333333 0.32175925925925924
2 0.16197916666666667 0.7298611111111111 0.16302083333333334 0.5402777777777779
13 0.515625 0.5694444444444444 0.10364583333333334 0.18981481481481483
1 0.03385416666666667 0.4685185185185185 0.06770833333333334 0.22685185185185186
15 0.6401041666666667 0.23703703703703705 0.09895833333333333 0.1398148148148148
4 0.5510416666666667 0.5009259259259259 0.07760416666666667 0.12314814814814815
0 0.2234375 0.75 0.11614583333333334 0.1962962962962963
11 0.2046875 0.20972222222222223 0.16145833333333334 0.41944444444444445
10 0.4265625 0.8935185185185185 0.128125 0.1962962962962963
5 0.6067708333333334 0.6074074074074074 0.06041666666666667 0.09444444444444444
