3 0.8114583333333333 0.9689814814814814 0.05520833333333333 0.062037037037037
2 0.31979166666666664 0.6333333333333333 0.19270833333333334 0.649074074074074
1 0.640625 0.22870370370370371 0.034895833333333334 0.05648148148148148
0 0.8848958333333333 0.4444444444444444 0.08177083333333333 0.29907407407407405
19 0.7479166666666667 0.7268518518518519 0.14895833333333333 0.24166666666666667
16 0.6171875 0.65 0.07916666666666666 0.1361111111111111
2 0.7369791666666666 0.7217592592592592 0.18229166666666666 0.5564814814814815
10 0.6604166666666667 0.8675925925925926 0.10833333333333334 0.16666666666666666
11 0.15989583333333332 0.16805555555555557 0.16302083333333334 0.33611111111111114
0 0.7895833333333333 0.1962962962962963 0.14895833333333333 0.18425925925925926
18 0.81875 0.5212962962962963 0.09427083333333333 0.11481481481481481
