11 0.07643229166666667 0.1939814814814815 0.15286458333333333 0.387962962962963
0 0.06145833333333333 0.11481481481481481 0.103125 0.18796296296296297
0 0.24791666666666667 0.1935185185185185 0.12083333333333333 0.23981481481481481
13 0.3619791666666667 0.22962962962962963 0.08125 0.12777777777777777
15 0.5130208333333334 0.7083333333333334 0.1578125 0.28055555555555556
3 0.6151041666666667 0.4898148148148148 0.06458333333333334 0.11851851851851852
9 0.396875 0.49074074074074076 0.09427083333333333 0.1648148148148148
11 0.8385416666666666 0.6574074074074074 0.1953125 0.5009259259259259
0 0.07291666666666667 0.14074074074074075 0.09270833333333334 0.19537037037037036
4 0.6265625 0.5175925925925926 0.07135416666666666 0.09259259259259259
14 0.3984375 0.2638888888888889 0.06875 0.11296296296296296
