2 0.44583333333333336 0.3314814814814815 0.190625 0.5462962962962963
6 0.5265625 0.6916666666666667 0.075 0.09444444444444444
13 0.6604166666666667 0.2462962962962963 0.0640625 0.09444444444444444
13 0.3890625 0.3851851851851852 0.07760416666666667 0.13240740740740742
5 0.5682291666666667 0.4388888888888889 0.08177083333333333 0.16944444444444445
3 0.7291666666666666 0.35648148148148145 0.103125 0.17592592592592593
11 0.42239583333333336 0.8125 0.12552083333333333 0.375
18 0.6447916666666667 0.33240740740740743 0.07864583333333333 0.13333333333333333
17 0.5375 0.41203703703703703 0.07604166666666666 0.14629629629629629
0 0.3182291666666667 0.7564814814814815 0.06458333333333334 0.18703703703703703
