3 0.6020833333333333 0.8351851851851851 0.06822916666666666 0.10185185185185185
0 0.08385416666666666 0.2833333333333333 0.11041666666666666 0.14351851851851852
9 0.5567708333333333 0.9444444444444444 0.071875 0.11111111111111116
16 0.5802083333333333 0.48148148148148145 0.0890625 0.14629629629629629
4 0.6369791666666667 0.3592592592592593 0.0609375 0.1
5 0.628125 0.7675925925925926 0.09583333333333334 0.20185185185185187
19 0.6697916666666667 0.2824074074074074 0.11770833333333333 0.1962962962962963
3 0.6427083333333333 0.39814814814814814 0.09791666666666667 0.12407407407407407
2 0.15625 0.5657407407407408 0.1578125 0.5416666666666666
11 0.06341145833333334 0.38981481481481484 0.12682291666666667 0.5342592592592592
