16 0.6166666666666667 0.7759259259259259 0.06510416666666667 0.12685185185185185
6 0.4895833333333333 0.9074074074074074 0.06875 0.13796296296296295
11 0.5338541666666666 0.8159722222222222 0.17291666666666666 0.3680555555555556
1 0.0703125 0.04421296296296296 0.059375 0.08842592592592592
0 0.7072916666666667 0.6814814814814815 0.10572916666666667 0.3
8 0.5875 0.3175925925925926 0.06614583333333333 0.16296296296296298
12 0.6244791666666667 0.9247685185185185 0.08489583333333334 0.15046296296296302
6 0.5322916666666667 0.8601851851851852 0.090625 0.18703703703703703
18 0.6682291666666667 0.4425925925925926 0.05625 0.0787037037037037
3 0.5838541666666667 0.12407407407407407 0.04895833333333333 0.08703703703703704
11 0.8630208333333333 0.5851851851851851 0.15416666666666667 0.42592592592592593
