15 0.2015625 0.662962962962963 0.06666666666666667 0.15833333333333333
11 0.5859375 0.7708333333333334 0.16354166666666667 0.45833333333333326
13 0.10989583333333333 0.462037037037037 0.12708333333333333 0.18703703703703703
11 0.3328125 0.10902777777777778 0.1265625 0.21805555555555556
0 0.18125 0.7583333333333333 0.05625 0.20555555555555555
3 0.49895833333333334 0.49166666666666664 0.0640625 0.12962962962962962
2 0.945703125 0.5 0.10859375000000004 0.4064814814814815
1 0.5609375 0.5907407407407408 0.12916666666666668 0.14537037037037037
0 0.140625 0.40185185185185185 0.09947916666666666 0.18333333333333332
18 0.20833333333333334 0.08888888888888889 0.07864583333333333 0.11666666666666667
5 0.3302083333333333 0.6222222222222222 0.059895833333333336 0.15092592592592594
10 0.3515625 0.4981481481481482 0.075 0.13333333333333333
