11 0.37135416666666665 0.7037037037037037 0.15885416666666666 0.4962962962962963
0 0.06770833333333333 0.8712962962962963 0.06510416666666667 0.23148148148148148
18 0.7302083333333333 0.4842592592592593 0.0984375 0.1398148148148148
5 0.5239583333333333 0.46944444444444444 0.07395833333333333 0.14814814814814814
12 0.4510416666666667 0.5027777777777778 0.07291666666666667 0.1398148148148148
10 0.5723958333333333 0.7398148148148148 0.10520833333333333 0.1925925925925926
0 0.9527343749999999 0.7768518518518519 0.09453125000000007 0.1787037037037037
17 0.6651041666666667 0.412962962962963 0.08697916666666666 0.19074074074074074
2 0.9139322916666667 0.287962962962963 0.17213541666666665 0.575925925925926
9 0.6479166666666667 0.6277777777777778 0.06927083333333334 0.11851851851851852
11 0.6927083333333334 0.23819444444444443 0.20833333333333334 0.47638888888888886
3 0.6328125 0.6425925925925926 0.09479166666666666 0.15185185185185185
