0 0.2625 0.17407407407407408 0.0609375 0.18981481481481483
16 0.59375 0.7796296296296297 0.08697916666666666 0.1388888888888889
3 0.36875 0.8064814814814815 0.07239583333333334 0.11203703703703703
0 0.2916666666666667 0.3351851851851852 0.08229166666666667 0.26296296296296295
1 0.10364583333333334 0.8824074074074074 0.12447916666666667 0.13796296296296295
13 0.6598958333333333 0.6148148148148148 0.06354166666666666 0.13703703703703704
13 0.7541666666666667 0.5527777777777778 0.0765625 0.1388888888888889
9 0.6041666666666666 0.812962962962963 0.09947916666666666 0.14537037037037037
4 0.5796875 0.537962962962963 0.08333333333333333 0.11018518518518519
17 0.6338541666666667 0.6074074074074074 0.08697916666666666 0.22870370370370371
