0 0.14322916666666666 0.46574074074074073 0.08645833333333333 0.2898148148148148
16 0.3541666666666667 0.4111111111111111 0.05520833333333333 0.1361111111111111
6 0.19375 0.21388888888888888 0.14791666666666667 0.21296296296296297
2 0.6385416666666667 0.14467592592592593 0.19479166666666667 0.28935185185185186
6 0.2755208333333333 0.45740740740740743 0.134375 0.19166666666666668
6 0.40677083333333336 0.5101851851851852 0.14270833333333333 0.24722222222222223
2 0.05572916666666666 0.7902777777777777 0.11145833333333333 0.4194444444444445
14 0.47708333333333336 0.812962962962963 0.07239583333333334 0.1
2 0.34322916666666664 0.7620370370370371 0.1296875 0.41944444444444445
0 0.9161458333333333 0.3490740740740741 0.1171875 0.16666666666666666
7 0.30364583333333334 0.8361111111111111 0.11770833333333333 0.19907407407407407
0 0.2109375 0.8754629629629629 0.13125 0.24907407407407411
