11 0.5583333333333333 0.40925925925925927 0.146875 0.42962962962962964
8 0.5927083333333333 0.22407407407407406 0.10625 0.13055555555555556
12 0.7640625 0.4583333333333333 0.0796875 0.16574074074074074
0 0.5239583333333333 0.5990740740740741 0.09010416666666667 0.19814814814814816
16 0.6354166666666666 0.5907407407407408 0.075 0.19074074074074074
2 0.4005208333333333 0.7379629629629629 0.14270833333333333 0.524074074074074
13 0.6151041666666667 0.44351851851851853 0.10520833333333333 0.17222222222222222
12 0.7619791666666667 0.5027777777777778 0.06354166666666666 0.17592592592592593
0 0.2552083333333333 0.7638888888888888 0.08645833333333333 0.2537037037037037
13 0.5671875 0.48518518518518516 0.08645833333333333 0.13333333333333333
4 0.5739583333333333 0.4648148148148148 0.0546875 0.0712962962962963
11 0.7557291666666667 0.7342592592592593 0.14791666666666667 0.5212962962962963
