3 0.23697916666666666 0.32685185185185184 0.0859375 0.12407407407407407
19 0.271875 0.7796296296296297 0.08958333333333333 0.09166666666666666
7 0.034895833333333334 0.32592592592592595 0.057291666666666664 0.0962962962962963
1 0.5776041666666667 0.19537037037037036 0.115625 0.18888888888888888
8 0.196875 0.7 0.075 0.1425925925925926
2 0.8489583333333334 0.8270833333333333 0.14114583333333333 0.34583333333333344
7 0.225 0.03333333333333333 0.0703125 0.06666666666666667
11 0.3880208333333333 0.794675925925926 0.1828125 0.4106481481481481
11 0.14010416666666667 0.16574074074074074 0.15208333333333332 0.3314814814814815
4 0.09791666666666667 0.04675925925925926 0.103125 0.09351851851851851
17 0.4005208333333333 0.22407407407407406 0.11614583333333334 0.16666666666666666
