2 0.054427083333333334 0.8745370370370371 0.10885416666666667 0.2509259259259259
8 0.4953125 0.030555555555555555 0.06927083333333334 0.06111111111111111
0 0.6682291666666667 0.05347222222222222 0.05416666666666667 0.10694444444444444
17 0.6458333333333334 0.5435185185185185 0.09010416666666667 0.21388888888888888
0 0.9088541666666666 0.5898148148148148 0.08177083333333333 0.14351851851851852
12 0.5484375 0.44722222222222224 0.04010416666666667 0.08148148148148149
9 0.7609375 0.3388888888888889 0.0578125 0.08611111111111111
14 0.5484375 0.4462962962962963 0.09895833333333333 0.1537037037037037
18 0.5083333333333333 0.31203703703703706 0.0921875 0.13703703703703704
11 0.7270833333333333 0.5027777777777778 0.19114583333333332 0.48518518518518516
11 0.9598958333333334 0.8479166666666667 0.08020833333333333 0.3041666666666667
