9 0.3645833333333333 0.8870370370370371 0.09270833333333334 0.11296296296296296
3 0.4197916666666667 0.7787037037037037 0.065625 0.11944444444444445
9 0.415625 0.46296296296296297 0.10416666666666667 0.17777777777777778
0 0.4171875 0.13425925925925927 0.071875 0.15648148148148147
15 0.35572916666666665 0.5574074074074075 0.14635416666666667 0.17777777777777778
7 0.234375 0.5018518518518519 0.06510416666666667 0.1648148148148148
3 0.19166666666666668 0.7175925925925926 0.09375 0.1685185185185185
0 0.8479166666666667 0.08217592592592593 0.0890625 0.16435185185185186
0 0.9631510416666667 0.2490740740740741 0.0736979166666667 0.225
5 0.3572916666666667 0.5296296296296297 0.0625 0.09351851851851851
