17 0.5822916666666667 0.5444444444444444 0.11510416666666666 0.14629629629629629
0 0.8364583333333333 0.6185185185185185 0.16927083333333334 0.18611111111111112
1 0.3619791666666667 0.8777777777777778 0.10989583333333333 0.15
4 0.7692708333333333 0.49907407407407406 0.0859375 0.13425925925925927
19 0.6640625 0.7694444444444445 0.09479166666666666 0.14166666666666666
2 0.834375 0.1787037037037037 0.153125 0.3574074074074074
8 0.7234375 0.3814814814814815 0.08958333333333333 0.13148148148148148
0 0.9192708333333334 0.7648148148148148 0.14166666666666666 0.29074074074074074
3 0.8828125 0.9671296296296297 0.07447916666666667 0.06574074074074077
3 0.6838541666666667 0.35 0.084375 0.12037037037037036
4 0.6635416666666667 0.6305555555555555 0.0796875 0.16944444444444445
2 0.334375 0.8018518518518518 0.1828125 0.39629629629629637
