10 0.31875 0.44537037037037036 0.096875 0.18425925925925926
2 0.4296875 0.40185185185185185 0.16041666666666668 0.5509259259259259
10 0.7552083333333334 0.5388888888888889 0.12083333333333333 0.20092592592592592
2 0.8942708333333333 0.6222222222222222 0.17552083333333332 0.6277777777777778
0 0.7880208333333333 0.41203703703703703 0.12447916666666667 0.175
14 0.21666666666666667 0.48703703703703705 0.08958333333333333 0.14351851851851852
10 0.13385416666666666 0.3527777777777778 0.0875 0.1537037037037037
0 0.471875 0.3851851851851852 0.10104166666666667 0.25833333333333336
4 0.4375 0.41574074074074074 0.0734375 0.09259259259259259
14 0.36822916666666666 0.612037037037037 0.08333333333333333 0.11666666666666667
