7 0.5229166666666667 0.425 0.06302083333333333 0.13796296296296295
2 0.19322916666666667 0.5527777777777778 0.16770833333333332 0.43796296296296294
0 0.734375 0.8949074074074075 0.0734375 0.21018518518518514
4 0.6598958333333333 0.42407407407407405 0.058333333333333334 0.07685185185185185
0 0.2828125 0.787962962962963 0.071875 0.14074074074074075
15 0.6130208333333333 0.5166666666666667 0.0875 0.11481481481481481
17 0.37552083333333336 0.10740740740740741 0.0625 0.12314814814814815
8 0.2421875 0.3388888888888889 0.08645833333333333 0.14722222222222223
14 0.2557291666666667 0.6092592592592593 0.0609375 0.16574074074074074
7 0.5755208333333334 0.4212962962962963 0.134375 0.1388888888888889
