0 0.9302083333333333 0.0949074074074074 0.11458333333333333 0.1898148148148148
11 0.3328125 0.3787037037037037 0.14739583333333334 0.5768518518518518
7 0.315625 0.8046296296296296 0.057291666666666664 0.14629629629629629
0 0.9587239583333333 0.07962962962962962 0.0825520833333333 0.15925925925925924
3 0.40260416666666665 0.49166666666666664 0.0609375 0.15648148148148147
13 0.46197916666666666 0.6111111111111112 0.06822916666666666 0.125
0 0.8005208333333333 0.8805555555555555 0.0796875 0.22407407407407406
18 0.5854166666666667 0.4648148148148148 0.065625 0.12129629629629629
2 0.4125 0.1685185185185185 0.15625 0.337037037037037
10 0.47552083333333334 0.5962962962962963 0.09583333333333334 0.09722222222222222
14 0.28541666666666665 0.03425925925925926 0.0984375 0.06851851851851852
