7 0.5067708333333333 0.4898148148148148 0.09947916666666666 0.18611111111111112
2 0.040755208333333334 0.6472222222222223 0.08151041666666667 0.525
19 0.5625 0.39537037037037037 0.0765625 0.1287037037037037
10 0.48385416666666664 0.47685185185185186 0.1734375 0.287962962962963
8 0.5453125 0.625 0.0703125 0.13240740740740742
1 0.6020833333333333 0.10555555555555556 0.11979166666666667 0.18796296296296297
6 0.6255208333333333 0.487962962962963 0.059895833333333336 0.13333333333333333
0 0.05364583333333333 0.8074074074074075 0.04375 0.15648148148148147
12 0.6223958333333334 0.44166666666666665 0.10520833333333333 0.1425925925925926
2 0.6661458333333333 0.7018518518518518 0.16666666666666666 0.5888888888888889
15 0.5885416666666666 0.2638888888888889 0.0890625 0.19814814814814816
