12 0.25052083333333336 0.7435185185185185 0.078125 0.11851851851851852
5 0.4119791666666667 0.1935185185185185 0.06458333333333334 0.10833333333333334
7 0.16197916666666667 0.42962962962962964 0.07760416666666667 0.12407407407407407
18 0.41510416666666666 0.6194444444444445 0.09375 0.16018518518518518
0 0.9171875 0.2972222222222222 0.10364583333333334 0.17407407407407408
13 0.3609375 0.2175925925925926 0.0921875 0.16111111111111112
0 0.6953125 0.7407407407407407 0.08958333333333333 0.17222222222222222
0 0.34479166666666666 0.9083333333333333 0.09479166666666666 0.1685185185185185
2 0.9045572916666667 0.5888888888888889 0.1908854166666667 0.5185185185185185
9 0.2916666666666667 0.8768518518518519 0.05260416666666667 0.08518518518518518
14 0.5770833333333333 0.3731481481481482 0.058854166666666666 0.1287037037037037
