10 0.3765625 0.35648148148148145 0.1234375 0.18425925925925926
3 0.5328125 0.6064814814814815 0.059375 0.10740740740740741
11 0.9149739583333334 0.512962962962963 0.17005208333333333 0.5435185185185185
11 0.30833333333333335 0.1224537037037037 0.13958333333333334 0.2449074074074074
11 0.063671875 0.3111111111111111 0.12734375 0.425
17 0.43854166666666666 0.7296296296296296 0.1 0.1638888888888889
9 0.29010416666666666 0.5824074074074074 0.06875 0.13240740740740742
0 0.7984375 0.15833333333333333 0.1125 0.3055555555555556
18 0.3463541666666667 0.7888888888888889 0.075 0.1388888888888889
0 0.4203125 0.625 0.103125 0.225
4 0.18697916666666667 0.7481481481481481 0.09479166666666666 0.13148148148148148
