11 0.09114583333333333 0.27754629629629635 0.14635416666666667 0.5550925925925927
12 0.7677083333333333 0.7157407407407408 0.05416666666666667 0.13425925925925927
4 0.71875 0.3888888888888889 0.08125 0.1175925925925926
0 0.9151041666666667 0.22592592592592592 0.1125 0.18425925925925926
13 0.7286458333333333 0.42685185185185187 0.09166666666666666 0.14629629629629629
19 0.8239583333333333 0.5148148148148148 0.13333333333333333 0.21851851851851853
0 0.55625 0.5277777777777778 0.07864583333333333 0.29444444444444445
8 0.7619791666666667 0.6074074074074074 0.0890625 0.1388888888888889
7 0.7880208333333333 0.5166666666666667 0.07708333333333334 0.12685185185185185
1 0.2625 0.07407407407407407 0.1 0.14814814814814814
2 0.22083333333333333 0.5138888888888888 0.15 0.4324074074074074
13 0.7817708333333333 0.35462962962962963 0.06770833333333333 0.13703703703703704
11 0.071875 0.1537037037037037 0.14375 0.3074074074074074
