2 0.659375 0.7615740740740741 0.1375 0.47685185185185186
0 0.9098958333333333 0.12523148148148147 0.078125 0.25046296296296294
9 0.1203125 0.387037037037037 0.08645833333333333 0.17685185185185184
10 0.35625 0.46111111111111114 0.16979166666666667 0.19537037037037036
0 0.615625 0.8865740740740741 0.09947916666666666 0.22685185185185186
0 0.7869791666666667 0.08449074074074074 0.1078125 0.16898148148148148
19 0.27395833333333336 0.5592592592592592 0.14114583333333333 0.2518518518518518
2 0.2734375 0.4425925925925926 0.14583333333333334 0.41574074074074074
19 0.38958333333333334 0.287962962962963 0.1390625 0.16296296296296298
7 0.24583333333333332 0.42407407407407405 0.10885416666666667 0.17407407407407408
10 0.2760416666666667 0.16111111111111112 0.13020833333333334 0.1388888888888889
