14 0.13489583333333333 0.6046296296296296 0.06927083333333334 0.10185185185185185
11 0.8666666666666667 0.8657407407407407 0.1953125 0.2685185185185185
0 0.5755208333333334 0.8055555555555556 0.07135416666666666 0.3138888888888889
13 0.14322916666666666 0.7481481481481481 0.0765625 0.11944444444444445
11 0.121875 0.28703703703703703 0.14270833333333333 0.42685185185185187
18 0.09479166666666666 0.3435185185185185 0.07552083333333333 0.1111111111111111
17 0.21875 0.5314814814814814 0.121875 0.15
15 0.14635416666666667 0.7342592592592593 0.12552083333333333 0.2361111111111111
0 0.7119791666666667 0.8657407407407407 0.09322916666666667 0.2064814814814815
3 0.2520833333333333 0.20925925925925926 0.11145833333333334 0.1388888888888889
