16 0.7260416666666667 0.18796296296296297 0.0671875 0.07962962962962963
6 0.44895833333333335 0.2796296296296296 0.08958333333333333 0.13796296296296295
8 0.6479166666666667 0.6425925925925926 0.10885416666666667 0.14722222222222223
12 0.6666666666666666 0.3296296296296296 0.07239583333333334 0.08888888888888889
0 0.49375 0.45185185185185184 0.07135416666666666 0.21388888888888888
12 0.5427083333333333 0.3527777777777778 0.05625 0.1175925925925926
0 0.3484375 0.2953703703703704 0.10729166666666666 0.26296296296296295
5 0.5385416666666667 0.4305555555555556 0.0765625 0.15092592592592594
11 0.6197916666666666 0.8543981481481482 0.20677083333333332 0.29120370370370374
13 0.4979166666666667 0.5074074074074074 0.0796875 0.14629629629629629
