2 0.43385416666666665 0.7074074074074074 0.1765625 0.45185185185185184
0 0.11145833333333334 0.649074074074074 0.07604166666666666 0.20833333333333334
18 0.48385416666666664 0.20925925925925926 0.050520833333333334 0.09722222222222222
5 0.45260416666666664 0.6935185185185185 0.08125 0.12685185185185185
7 0.41875 0.24814814814814815 0.07864583333333333 0.1712962962962963
14 0.5296875 0.24166666666666667 0.0796875 0.18796296296296297
7 0.41041666666666665 0.387037037037037 0.08645833333333333 0.1
0 0.94765625 0.17592592592592593 0.10468750000000004 0.2518518518518518
9 0.5432291666666667 0.28703703703703703 0.1046875 0.16666666666666666
1 0.16927083333333334 0.5305555555555556 0.08125 0.13055555555555556
2 0.05807291666666667 0.1502314814814815 0.11614583333333334 0.300462962962963
13 0.4765625 0.6 0.10416666666666667 0.15462962962962962
11 0.21979166666666666 0.6398148148148148 0.14739583333333334 0.5675925925925925
