8 0.9114583333333334 0.9685185185185186 0.058333333333333334 0.06296296296296289
10 0.6447916666666667 0.6435185185185185 0.14322916666666666 0.24722222222222223
1 0.4713541666666667 0.16666666666666666 0.1125 0.14814814814814814
2 0.3359375 0.71875 0.1578125 0.5625
17 0.784375 0.5888888888888889 0.08541666666666667 0.1287037037037037
0 0.9317708333333333 0.49907407407407406 0.1265625 0.26481481481481484
11 0.68125 0.6518518518518519 0.2046875 0.6111111111111112
16 0.7359375 0.8611111111111112 0.08541666666666667 0.16203703703703703
0 0.4109375 0.18888888888888888 0.07083333333333333 0.19444444444444445
12 0.6020833333333333 0.6907407407407408 0.06302083333333333 0.07777777777777778
