0 0.3177083333333333 0.9164351851851852 0.11302083333333333 0.16712962962962963
11 0.8395833333333333 0.8037037037037037 0.19375 0.3925925925925926
10 0.5864583333333333 0.4203703703703704 0.08958333333333333 0.1675925925925926
9 0.7020833333333333 0.3416666666666667 0.096875 0.1962962962962963
12 0.7067708333333333 0.3768518518518518 0.0625 0.12129629629629629
6 0.6380208333333334 0.5037037037037037 0.14427083333333332 0.17314814814814813
11 0.8208333333333333 0.5564814814814815 0.15520833333333334 0.5462962962962963
2 0.159375 0.2861111111111111 0.12604166666666666 0.47685185185185186
14 0.7244791666666667 0.4425925925925926 0.115625 0.14074074074074075
13 0.6765625 0.6796296296296296 0.10364583333333334 0.14907407407407408
18 0.6354166666666666 0.562962962962963 0.078125 0.10925925925925926
