0 0.3333333333333333 0.33425925925925926 0.17083333333333334 0.32407407407407407
2 0.459375 0.8173611111111111 0.20520833333333333 0.3652777777777778
18 0.7260416666666667 0.36018518518518516 0.08854166666666667 0.13518518518518519
3 0.6114583333333333 0.6074074074074074 0.06458333333333334 0.16944444444444445
2 0.28020833333333334 0.5175925925925926 0.15572916666666667 0.5879629629629629
19 0.6645833333333333 0.7944444444444444 0.07083333333333333 0.1361111111111111
1 0.4328125 0.9194444444444445 0.14322916666666666 0.1611111111111111
1 0.8541666666666666 0.09166666666666666 0.12083333333333333 0.16574074074074074
8 0.5796875 0.6814814814814815 0.07135416666666666 0.1527777777777778
14 0.571875 0.2740740740740741 0.05520833333333333 0.09166666666666666
17 0.45416666666666666 0.6638888888888889 0.10625 0.1527777777777778
