0 0.45364583333333336 0.0625 0.06875 0.125
1 0.5020833333333333 0.26944444444444443 0.13854166666666667 0.14907407407407408
0 0.044270833333333336 0.2851851851851852 0.06979166666666667 0.18796296296296297
3 0.4869791666666667 0.3351851851851852 0.08645833333333333 0.1527777777777778
5 0.5911458333333334 0.2175925925925926 0.0578125 0.0824074074074074
4 0.5135416666666667 0.4861111111111111 0.0859375 0.12407407407407407
2 0.9213541666666667 0.6324074074074074 0.15625 0.4361111111111111
10 0.5197916666666667 0.28703703703703703 0.1390625 0.1824074074074074
3 0.3625 0.33796296296296297 0.052083333333333336 0.12685185185185185
4 0.50625 0.5944444444444444 0.065625 0.10277777777777777
