0 0.9609375 0.7833333333333333 0.058333333333333334 0.21203703703703702
15 0.4197916666666667 0.9395833333333333 0.10572916666666667 0.12083333333333335
9 0.44375 0.7083333333333334 0.07604166666666666 0.1425925925925926
9 0.3770833333333333 0.6287037037037037 0.07552083333333333 0.11666666666666667
7 0.17760416666666667 0.3472222222222222 0.09791666666666667 0.18333333333333332
11 0.5875 0.24259259259259258 0.159375 0.46574074074074073
16 0.2125 0.2796296296296296 0.08020833333333334 0.13055555555555556
5 0.19270833333333334 0.7194444444444444 0.05260416666666667 0.09074074074074075
7 0.2552083333333333 0.4361111111111111 0.09270833333333334 0.15833333333333333
2 0.051041666666666666 0.6185185185185185 0.10208333333333333 0.39537037037037037
11 0.9403645833333334 0.16736111111111113 0.11927083333333333 0.33472222222222225
