11 0.045703125 0.5185185185185185 0.09140625 0.5
18 0.5708333333333333 0.637962962962963 0.08802083333333334 0.17407407407407408
10 0.8458333333333333 0.41388888888888886 0.1609375 0.21296296296296297
2 0.095703125 0.17407407407407408 0.19140625 0.34814814814814815
17 0.7572916666666667 0.6324074074074074 0.10104166666666667 0.12314814814814815
11 0.6708333333333333 0.7805555555555556 0.15520833333333334 0.4185185185185185
0 0.565625 0.44074074074074077 0.04895833333333333 0.23425925925925925
12 0.5994791666666667 0.6759259259259259 0.0515625 0.14537037037037037
1 0.13489583333333333 0.8916666666666667 0.07604166666666666 0.20185185185185187
4 0.61875 0.5601851851851852 0.0765625 0.10185185185185185
13 0.4583333333333333 0.25925925925925924 0.07604166666666666 0.1175925925925926
7 0.5791666666666667 0.5314814814814814 0.09583333333333334 0.14907407407407408
