2 0.24895833333333334 0.37222222222222223 0.15729166666666666 0.4601851851851852
13 0.27447916666666666 0.2037037037037037 0.09166666666666666 0.15555555555555556
16 0.17239583333333333 0.2861111111111111 0.06770833333333333 0.1638888888888889
0 0.5208333333333334 0.7546296296296297 0.1234375 0.27685185185185185
5 0.09635416666666667 0.3675925925925926 0.06510416666666667 0.17407407407407408
17 0.35208333333333336 0.5537037037037037 0.09010416666666667 0.17037037037037037
1 0.4395833333333333 0.8703703703703703 0.058333333333333334 0.13333333333333333
12 0.43802083333333336 0.21666666666666667 0.03697916666666667 0.08518518518518518
4 0.2296875 0.30833333333333335 0.0921875 0.175
13 0.06666666666666667 0.22962962962962963 0.109375 0.21851851851851853
