3 0.5270833333333333 0.8601851851851852 0.07552083333333333 0.08611111111111111
0 0.6088541666666667 0.14444444444444443 0.07395833333333333 0.22592592592592592
5 0.4953125 0.6935185185185185 0.059895833333333336 0.09907407407407408
0 0.6807291666666667 0.24814814814814815 0.06354166666666666 0.2351851851851852
2 0.440625 0.4898148148148148 0.14895833333333333 0.42685185185185187
9 0.37916666666666665 0.6129629629629629 0.0875 0.13055555555555556
2 0.28802083333333334 0.362962962962963 0.21770833333333334 0.6685185185185185
3 0.48854166666666665 0.7 0.09427083333333333 0.15092592592592594
14 0.334375 0.42962962962962964 0.058854166666666666 0.14351851851851852
12 0.5359375 0.725925925925926 0.034375 0.10555555555555556
11 0.95546875 0.20925925925925926 0.08906250000000004 0.4185185185185185
