0 0.7677083333333333 0.08680555555555555 0.13802083333333334 0.1736111111111111
8 0.0515625 0.649074074074074 0.103125 0.19814814814814816
17 0.11354166666666667 0.27685185185185185 0.07135416666666666 0.11944444444444445
0 0.8098958333333334 0.3296296296296296 0.06302083333333333 0.15925925925925927
11 0.271875 0.7504629629629629 0.203125 0.4990740740740741
7 0.35625 0.5555555555555556 0.08125 0.14444444444444443
11 0.34010416666666665 0.637962962962963 0.1390625 0.40185185185185185
17 0.15989583333333332 0.2962962962962963 0.10520833333333333 0.25092592592592594
2 0.5109375 0.8131944444444444 0.1625 0.3736111111111111
4 0.014192708333333333 0.3851851851851852 0.028385416666666666 0.11574074074074074
