10 0.690625 0.5037037037037037 0.08645833333333333 0.1685185185185185
0 0.5546875 0.3398148148148148 0.11458333333333333 0.1824074074074074
0 0.3880208333333333 0.7027777777777777 0.1046875 0.19444444444444445
9 0.6296875 0.5518518518518518 0.05364583333333333 0.11481481481481481
0 0.8307291666666666 0.5046296296296297 0.0609375 0.18425925925925926
11 0.06588541666666667 0.6722222222222223 0.13177083333333334 0.5462962962962963
8 0.44583333333333336 0.03634259259259259 0.096875 0.07268518518518519
3 0.7041666666666667 0.4583333333333333 0.07291666666666667 0.17314814814814813
13 0.8796875 0.5222222222222223 0.09739583333333333 0.18425925925925926
6 0.6453125 0.6018518518518519 0.09791666666666667 0.10092592592592593
2 0.6005208333333333 0.7993055555555555 0.16354166666666667 0.4013888888888889
