19 0.7958333333333333 0.4564814814814815 0.1265625 0.19722222222222222
13 0.7713541666666667 0.23981481481481481 0.10416666666666667 0.20555555555555555
17 0.940625 0.6925925925925925 0.06197916666666667 0.09259259259259259
0 0.28072916666666664 0.24444444444444444 0.1171875 0.22407407407407406
15 0.8177083333333334 0.37962962962962965 0.10677083333333333 0.16018518518518518
11 0.403125 0.6888888888888889 0.20104166666666667 0.5092592592592593
0 0.22291666666666668 0.7842592592592592 0.10520833333333333 0.22962962962962963
15 0.7895833333333333 0.40370370370370373 0.07760416666666667 0.16944444444444445
9 0.703125 0.5361111111111111 0.06666666666666667 0.13425925925925927
13 0.6208333333333333 0.5583333333333333 0.0984375 0.16666666666666666
