0 0.925 0.5657407407407408 0.15000000000000002 0.24259259259259258
7 0.41770833333333335 0.8666666666666667 0.06302083333333333 0.12129629629629629
17 0.6020833333333333 0.6888888888888889 0.06354166666666666 0.10092592592592593
11 0.8520833333333333 0.6916666666666667 0.17864583333333334 0.5907407407407408
0 0.378125 0.2518518518518518 0.05416666666666667 0.16944444444444445
7 0.5276041666666667 0.6314814814814815 0.07239583333333334 0.13240740740740742
0 0.253125 0.5537037037037037 0.09427083333333333 0.16666666666666666
6 0.7072916666666667 0.6481481481481481 0.07395833333333333 0.12222222222222222
11 0.2234375 0.7888888888888889 0.15677083333333333 0.4222222222222223
8 0.84375 0.7805555555555556 0.15208333333333332 0.2074074074074074
10 0.7947916666666667 0.8342592592592593 0.09791666666666667 0.11574074074074074
