6 0.22916666666666666 0.4361111111111111 0.1015625 0.1638888888888889
11 0.050130208333333336 0.41759259259259257 0.10026041666666667 0.4564814814814815
6 0.3380208333333333 0.6611111111111111 0.12291666666666666 0.15925925925925927
15 0.26197916666666665 0.11388888888888889 0.1109375 0.125
14 0.3625 0.1787037037037037 0.05572916666666667 0.10740740740740741
4 0.371875 0.5018518518518519 0.11145833333333334 0.17314814814814813
2 0.4546875 0.22962962962962963 0.12135416666666667 0.38981481481481484
0 0.9404947916666666 0.3537037037037037 0.11901041666666667 0.2111111111111111
16 0.25416666666666665 0.30462962962962964 0.07760416666666667 0.14907407407407408
3 0.121875 0.10648148148148148 0.05520833333333333 0.12222222222222222
11 0.6921875 0.30462962962962964 0.19427083333333334 0.5638888888888889
0 0.340625 0.12291666666666667 0.0984375 0.24583333333333335
