11 0.6260416666666667 0.23217592592592592 0.1890625 0.46435185185185185
15 0.7786458333333334 0.3435185185185185 0.11354166666666667 0.21944444444444444
15 0.534375 0.3648148148148148 0.0875 0.08518518518518518
14 0.5682291666666667 0.18981481481481483 0.06927083333333334 0.1537037037037037
14 0.7395833333333334 0.4703703703703704 0.0640625 0.1111111111111111
0 0.9743489583333333 0.5398148148148149 0.051302083333333304 0.2
0 0.8458333333333333 0.625 0.06770833333333333 0.24351851851851852
15 0.4010416666666667 0.11759259259259261 0.13072916666666667 0.23518518518518522
7 0.48385416666666664 0.4027777777777778 0.0546875 0.09907407407407408
19 0.6072916666666667 0.6203703703703703 0.11145833333333334 0.20185185185185187
