17 0.7239583333333334 0.45185185185185184 0.09427083333333333 0.13518518518518519
0 0.7119791666666667 0.4009259259259259 0.0765625 0.1925925925925926
0 0.49947916666666664 0.7583333333333333 0.06979166666666667 0.17592592592592593
4 0.6942708333333333 0.6712962962962963 0.06302083333333333 0.0962962962962963
13 0.725 0.4166666666666667 0.084375 0.18425925925925926
0 0.5828125 0.06226851851851852 0.0734375 0.12453703703703704
2 0.2838541666666667 0.7157407407407408 0.17760416666666667 0.5101851851851852
9 0.7052083333333333 0.26666666666666666 0.10208333333333333 0.16111111111111112
13 0.4890625 0.04050925925925926 0.10364583333333334 0.08101851851851852
10 0.6213541666666667 0.6296296296296297 0.09739583333333333 0.22314814814814815
13 0.9489583333333333 0.2657407407407407 0.06979166666666667 0.1175925925925926
