14 0.3182291666666667 0.4166666666666667 0.059375 0.1037037037037037
0 0.42864583333333334 0.6342592592592593 0.08854166666666667 0.20833333333333334
2 0.9188802083333334 0.5074074074074074 0.16223958333333333 0.5083333333333333
16 0.43802083333333336 0.4648148148148148 0.07708333333333334 0.13518518518518519
3 0.45625 0.38055555555555554 0.10885416666666667 0.1425925925925926
2 0.625 0.19074074074074077 0.19739583333333333 0.38148148148148153
7 0.428125 0.1259259259259259 0.10260416666666666 0.19722222222222222
1 0.6229166666666667 0.8898148148148148 0.08802083333333334 0.11574074074074074
2 0.4140625 0.4787037037037037 0.14322916666666666 0.3972222222222222
0 0.9697916666666666 0.30925925925925923 0.060416666666666674 0.20185185185185187
