8 0.7421875 0.9719907407407408 0.07552083333333333 0.05601851851851847
1 0.5588541666666667 0.3314814814814815 0.17135416666666667 0.1925925925925926
13 0.6411458333333333 0.9671296296296297 0.07291666666666667 0.06574074074074077
0 0.15625 0.14629629629629629 0.08229166666666667 0.2324074074074074
16 0.7536458333333333 0.6861111111111111 0.08177083333333333 0.1398148148148148
19 0.8317708333333333 0.9020833333333333 0.1421875 0.1958333333333333
14 0.696875 0.38981481481481484 0.0703125 0.1814814814814815
2 0.88125 0.637962962962963 0.23489583333333333 0.562962962962963
16 0.5244791666666667 0.7185185185185186 0.05572916666666667 0.14166666666666666
9 0.6744791666666666 0.3861111111111111 0.0828125 0.1425925925925926
