5 0.6322916666666667 0.3990740740740741 0.059895833333333336 0.09444444444444444
11 0.9174479166666667 0.18958333333333333 0.1651041666666666 0.37916666666666665
0 0.465625 0.8592592592592593 0.1078125 0.26296296296296295
14 0.7848958333333333 0.3435185185185185 0.10104166666666667 0.13333333333333333
1 0.46770833333333334 0.5203703703703704 0.15208333333333332 0.1527777777777778
0 0.5864583333333333 0.462037037037037 0.050520833333333334 0.1824074074074074
3 0.7802083333333333 0.4324074074074074 0.07239583333333334 0.16666666666666666
12 0.9145833333333333 0.4305555555555556 0.1125 0.1675925925925926
13 0.8072916666666666 0.5092592592592593 0.11927083333333334 0.21574074074074073
18 0.5385416666666667 0.16203703703703703 0.0859375 0.1287037037037037
2 0.10286458333333333 0.28703703703703703 0.20572916666666666 0.4925925925925926
