0 0.55625 0.09143518518518519 0.1234375 0.18287037037037038
2 0.696875 0.35462962962962963 0.22083333333333333 0.6953703703703704
2 0.13854166666666667 0.40555555555555556 0.13229166666666667 0.4824074074074074
1 0.27395833333333336 0.9416666666666667 0.12135416666666667 0.1166666666666667
17 0.16822916666666668 0.5046296296296297 0.10572916666666667 0.18981481481481483
0 0.6369791666666667 0.29814814814814816 0.09739583333333333 0.2324074074074074
19 0.3151041666666667 0.6305555555555555 0.08177083333333333 0.18796296296296297
9 0.22708333333333333 0.4648148148148148 0.0625 0.07592592592592592
17 0.16302083333333334 0.5324074074074074 0.11041666666666666 0.2101851851851852
13 0.3182291666666667 0.5879629629629629 0.08125 0.1388888888888889
