9 0.4640625 0.16203703703703703 0.06770833333333333 0.10092592592592593
4 0.43125 0.7342592592592593 0.0875 0.14074074074074075
18 0.5072916666666667 0.3907407407407407 0.09947916666666666 0.12407407407407407
2 0.5213541666666667 0.8099537037037037 0.14375 0.38009259259259254
15 0.675 0.5092592592592593 0.08645833333333333 0.12685185185185185
7 0.546875 0.4203703703703704 0.04583333333333333 0.1425925925925926
0 0.290625 0.5361111111111111 0.075 0.21851851851851853
0 0.49114583333333334 0.3277777777777778 0.07395833333333333 0.2037037037037037
2 0.8515625 0.8819444444444444 0.15572916666666667 0.23611111111111116
8 0.4744791666666667 0.4638888888888889 0.11041666666666666 0.1935185185185185
0 0.7265625 0.3768518518518518 0.08072916666666667 0.19722222222222222
