18 0.6078125 0.18703703703703703 0.096875 0.16203703703703703
11 0.8239583333333333 0.8034722222222221 0.15208333333333332 0.3930555555555556
18 0.5390625 0.5842592592592593 0.08541666666666667 0.13425925925925927
0 0.521875 0.5074074074074074 0.0671875 0.2212962962962963
2 0.8114583333333333 0.462037037037037 0.19375 0.4981481481481482
12 0.6416666666666667 0.6527777777777778 0.09947916666666666 0.1712962962962963
13 0.5630208333333333 0.4898148148148148 0.0765625 0.12129629629629629
2 0.9342447916666667 0.7525462962962963 0.13151041666666663 0.49490740740740735
18 0.6859375 0.21574074074074073 0.0953125 0.13703703703703704
9 0.4276041666666667 0.42777777777777776 0.07760416666666667 0.10462962962962963
8 0.40989583333333335 0.47962962962962963 0.0953125 0.1111111111111111
0 0.28229166666666666 0.8861111111111111 0.12916666666666668 0.22777777777777786
0 0.321875 0.20833333333333334 0.15052083333333333 0.2564814814814815
