2 0.6927083333333334 0.25555555555555554 0.13802083333333334 0.3990740740740741
12 0.5927083333333333 0.8296296296296296 0.08489583333333334 0.12685185185185185
16 0.728125 0.5388888888888889 0.08020833333333334 0.11481481481481481
11 0.8958333333333334 0.44907407407407407 0.15677083333333333 0.5481481481481482
14 0.7557291666666667 0.8537037037037037 0.11041666666666666 0.15925925925925927
7 0.5875 0.8166666666666667 0.071875 0.09259259259259259
17 0.578125 0.4388888888888889 0.10104166666666667 0.16574074074074074
0 0.5197916666666667 0.17962962962962964 0.071875 0.20555555555555555
5 0.2765625 0.45 0.08072916666666667 0.1287037037037037
17 0.61875 0.7064814814814815 0.10364583333333334 0.13240740740740742
