15 0.3640625 0.6333333333333333 0.0796875 0.17962962962962964
19 0.36354166666666665 0.6481481481481481 0.0828125 0.14166666666666666
11 0.12239583333333333 0.549074074074074 0.1421875 0.5527777777777778
2 0.31197916666666664 0.8439814814814814 0.16458333333333333 0.312037037037037
10 0.25104166666666666 0.7888888888888889 0.14947916666666666 0.21481481481481482
0 0.6395833333333333 0.5685185185185185 0.13333333333333333 0.2675925925925926
10 0.24322916666666666 0.8398148148148148 0.10416666666666667 0.16944444444444445
0 0.7192708333333333 0.6027777777777777 0.08125 0.19814814814814816
3 0.38385416666666666 0.512962962962963 0.084375 0.125
11 0.95078125 0.5657407407407408 0.09843749999999996 0.562037037037037
13 0.1921875 0.7462962962962963 0.0765625 0.11296296296296296
