17 0.5963541666666666 0.9648148148148148 0.09479166666666666 0.07037037037037042
9 0.5541666666666667 0.7203703703703703 0.084375 0.13703703703703704
8 0.7260416666666667 0.9761574074074074 0.053125 0.047685185185185164
2 0.2520833333333333 0.7962962962962963 0.146875 0.40740740740740744
5 0.7270833333333333 0.3638888888888889 0.078125 0.1527777777777778
8 0.7338541666666667 0.5824074074074074 0.1203125 0.2796296296296296
4 0.8166666666666667 0.07453703703703704 0.10572916666666667 0.14907407407407408
0 0.684375 0.9377314814814814 0.1015625 0.12453703703703711
14 0.5166666666666667 0.787962962962963 0.075 0.1935185185185185
2 0.7463541666666667 0.25949074074074074 0.17291666666666666 0.5189814814814815
