17 0.3182291666666667 0.3398148148148148 0.0703125 0.1111111111111111
10 0.5463541666666667 0.5212962962962963 0.09114583333333333 0.09351851851851851
11 0.0921875 0.37777777777777777 0.16979166666666667 0.5009259259259259
19 0.4119791666666667 0.774074074074074 0.05572916666666667 0.11018518518518519
15 0.3625 0.6194444444444445 0.08385416666666666 0.1287037037037037
11 0.1671875 0.49074074074074076 0.203125 0.6620370370370371
9 0.3260416666666667 0.5805555555555556 0.065625 0.09537037037037037
2 0.12916666666666668 0.35462962962962963 0.20885416666666667 0.4935185185185185
13 0.3734375 0.899074074074074 0.08177083333333333 0.10925925925925926
7 0.43125 0.6092592592592593 0.0453125 0.13240740740740742
0 0.3182291666666667 0.3277777777777778 0.08958333333333333 0.21203703703703702
