1 0.10677083333333333 0.03194444444444444 0.11145833333333334 0.06388888888888888
17 0.8088541666666667 0.549074074074074 0.15572916666666667 0.18055555555555555
8 0.8395833333333333 0.5212962962962963 0.084375 0.14074074074074075
0 0.3265625 0.5222222222222223 0.05625 0.25833333333333336
11 0.603125 0.787037037037037 0.15520833333333334 0.42592592592592593
7 0.8505208333333333 0.3509259259259259 0.1140625 0.12962962962962962
1 0.5494791666666666 0.34074074074074073 0.14427083333333332 0.17037037037037037
4 0.7463541666666667 0.48055555555555557 0.12395833333333334 0.21296296296296297
7 0.5057291666666667 0.6342592592592593 0.0859375 0.19444444444444445
11 0.5484375 0.5592592592592592 0.15677083333333333 0.47962962962962963
