16 0.6526041666666667 0.5305555555555556 0.06666666666666667 0.075
2 0.5083333333333333 0.38333333333333336 0.16927083333333334 0.47314814814814815
4 0.6708333333333333 0.8055555555555556 0.06145833333333333 0.14074074074074075
2 0.5625 0.5351851851851852 0.15572916666666667 0.5990740740740741
14 0.715625 0.7222222222222222 0.12135416666666667 0.19814814814814816
18 0.6125 0.6370370370370371 0.05260416666666667 0.07592592592592592
17 0.7255208333333333 0.462037037037037 0.090625 0.1259259259259259
12 0.5067708333333333 0.6583333333333333 0.11979166666666667 0.1824074074074074
19 0.6859375 0.562962962962963 0.10625 0.23148148148148148
0 0.35572916666666665 0.07106481481481482 0.13229166666666667 0.14212962962962963
