4 0.43697916666666664 0.4111111111111111 0.0984375 0.13796296296296295
19 0.4713541666666667 0.5666666666666667 0.13802083333333334 0.21296296296296297
11 0.8645833333333334 0.5027777777777778 0.19739583333333333 0.5027777777777778
2 0.103125 0.7611111111111111 0.17760416666666667 0.47777777777777786
12 0.64375 0.23425925925925925 0.0859375 0.18518518518518517
2 0.7723958333333333 0.7018518518518518 0.14479166666666668 0.49722222222222223
7 0.7666666666666667 0.6148148148148148 0.06927083333333334 0.1712962962962963
4 0.44427083333333334 0.4222222222222222 0.08854166666666667 0.13425925925925927
10 0.6791666666666667 0.7027777777777777 0.1265625 0.20277777777777778
17 0.7536458333333333 0.35648148148148145 0.12083333333333333 0.1537037037037037
0 0.16614583333333333 0.29259259259259257 0.10364583333333334 0.19722222222222222
