3 0.6307291666666667 0.42592592592592593 0.11875 0.1675925925925926
14 0.5020833333333333 0.3388888888888889 0.052083333333333336 0.12129629629629629
7 0.534375 0.42962962962962964 0.10677083333333333 0.1962962962962963
0 0.04895833333333333 0.11967592592592594 0.0859375 0.23935185185185187
11 0.5104166666666666 0.649074074074074 0.14427083333333332 0.45092592592592595
0 0.3046875 0.4064814814814815 0.08125 0.16944444444444445
7 0.49635416666666665 0.7287037037037037 0.11510416666666666 0.2212962962962963
0 0.9540364583333334 0.8745370370370371 0.09192708333333333 0.2509259259259259
5 0.6302083333333334 0.4398148148148148 0.041666666666666664 0.06944444444444445
5 0.5083333333333333 0.6925925925925925 0.06458333333333334 0.12222222222222222
