16 0.7802083333333333 0.5731481481481482 0.08177083333333333 0.1388888888888889
6 0.71875 0.45740740740740743 0.10416666666666667 0.16666666666666666
1 0.559375 0.7481481481481481 0.0875 0.13796296296296295
1 0.37552083333333336 0.10833333333333334 0.13020833333333334 0.16018518518518518
18 0.7484375 0.525 0.06302083333333333 0.125
14 0.625 0.39444444444444443 0.1296875 0.14722222222222223
16 0.7307291666666667 0.35462962962962963 0.0671875 0.13425925925925927
13 0.8989583333333333 0.6240740740740741 0.07604166666666666 0.11851851851851852
0 0.2109375 0.5944444444444444 0.13645833333333332 0.19722222222222222
8 0.9046875 0.4305555555555556 0.08333333333333333 0.09351851851851851
