19 0.4578125 0.10462962962962963 0.09166666666666666 0.15185185185185185
1 0.29270833333333335 0.8814814814814815 0.11770833333333333 0.18055555555555555
11 0.10677083333333333 0.6527777777777778 0.15208333333333332 0.4638888888888889
11 0.6609375 0.5703703703703704 0.22708333333333333 0.6796296296296296
10 0.4515625 0.13796296296296295 0.15520833333333334 0.20462962962962963
9 0.5697916666666667 0.2833333333333333 0.05364583333333333 0.07777777777777778
15 0.4010416666666667 0.487962962962963 0.05 0.07407407407407407
0 0.13854166666666667 0.06018518518518518 0.09635416666666667 0.12037037037037036
14 0.4828125 0.487962962962963 0.05364583333333333 0.09259259259259259
9 0.6973958333333333 0.537962962962963 0.06666666666666667 0.13055555555555556
