11 0.07161458333333334 0.7972222222222223 0.14322916666666669 0.40555555555555556
3 0.6635416666666667 0.9673611111111111 0.0671875 0.06527777777777777
13 0.7291666666666666 0.6537037037037037 0.0625 0.10555555555555556
7 0.8791666666666667 0.5722222222222222 0.1109375 0.1574074074074074
0 0.8151041666666666 0.44722222222222224 0.13125 0.18333333333333332
11 0.4557291666666667 0.7928240740740741 0.14270833333333333 0.41435185185185186
19 0.5046875 0.4527777777777778 0.12291666666666666 0.2111111111111111
0 0.06197916666666667 0.4074074074074074 0.09375 0.2064814814814815
11 0.055078125000000006 0.73125 0.11015625000000001 0.5375000000000001
0 0.02265625 0.22407407407407406 0.0453125 0.22314814814814815
6 0.6166666666666667 0.8694444444444445 0.1234375 0.1574074074074074
16 0.7942708333333334 0.48518518518518516 0.05520833333333333 0.12129629629629629
