11 0.2203125 0.1587962962962963 0.14947916666666666 0.3175925925925926
0 0.10104166666666667 0.8983796296296296 0.15208333333333332 0.20324074074074072
14 0.5723958333333333 0.6944444444444444 0.0671875 0.15925925925925927
1 0.33229166666666665 0.9027777777777778 0.11875 0.12685185185185185
12 0.6260416666666667 0.18425925925925926 0.0765625 0.1287037037037037
9 0.5348958333333333 0.5481481481481482 0.0859375 0.1388888888888889
6 0.615625 0.36666666666666664 0.11145833333333334 0.2111111111111111
15 0.39166666666666666 0.5361111111111111 0.12447916666666667 0.25925925925925924
7 0.4125 0.625 0.08645833333333333 0.11203703703703703
2 0.09466145833333334 0.7789351851851852 0.18932291666666667 0.44212962962962954
12 0.7109375 0.3398148148148148 0.057291666666666664 0.13796296296296295
