7 0.7010416666666667 0.3787037037037037 0.04895833333333333 0.10555555555555556
1 0.7875 0.1935185185185185 0.0890625 0.14444444444444443
11 0.18958333333333333 0.3768518518518518 0.18333333333333332 0.5305555555555556
2 0.21197916666666666 0.25949074074074074 0.20572916666666666 0.5189814814814815
19 0.5578125 0.37037037037037035 0.11666666666666667 0.16018518518518518
2 0.3578125 0.7277777777777777 0.18645833333333334 0.4888888888888889
19 0.8135416666666667 0.5351851851851852 0.12760416666666666 0.2657407407407407
7 0.6057291666666667 0.4111111111111111 0.06510416666666667 0.13148148148148148
8 0.46822916666666664 0.38333333333333336 0.075 0.10648148148148148
18 0.5963541666666666 0.4462962962962963 0.10416666666666667 0.16018518518518518
