11 0.27447916666666666 0.5944444444444444 0.18854166666666666 0.5824074074074074
7 0.3828125 0.3972222222222222 0.0640625 0.17314814814814813
6 0.3494791666666667 0.5935185185185186 0.12291666666666666 0.15462962962962962
0 0.6807291666666667 0.8777777777777778 0.09739583333333333 0.24444444444444446
0 0.06666666666666667 0.33611111111111114 0.1125 0.25
11 0.04635416666666667 0.42407407407407405 0.09270833333333334 0.4759259259259259
6 0.3776041666666667 0.4462962962962963 0.0921875 0.13518518518518519
9 0.3609375 0.6129629629629629 0.07708333333333334 0.11388888888888889
4 0.32083333333333336 0.38425925925925924 0.10625 0.1537037037037037
0 0.9752604166666667 0.6888888888888889 0.04947916666666663 0.2777777777777778
7 0.37395833333333334 0.41759259259259257 0.09270833333333334 0.1824074074074074
