16 0.39479166666666665 0.8101851851851852 0.09739583333333333 0.2
11 0.4197916666666667 0.8439814814814814 0.15833333333333333 0.3120370370370371
0 0.19791666666666666 0.8277777777777777 0.12864583333333332 0.18425925925925926
5 0.43697916666666664 0.48055555555555557 0.07916666666666666 0.12685185185185185
17 0.3802083333333333 0.3435185185185185 0.11770833333333333 0.13703703703703704
11 0.8296875 0.7729166666666667 0.15989583333333332 0.4541666666666666
15 0.3807291666666667 0.2462962962962963 0.1390625 0.18703703703703703
2 0.2890625 0.2039351851851852 0.14895833333333333 0.4078703703703704
15 0.31354166666666666 0.3611111111111111 0.09791666666666667 0.1398148148148148
8 0.3223958333333333 0.4888888888888889 0.0765625 0.14907407407407408
17 0.3072916666666667 0.35 0.1015625 0.14722222222222223
