19 0.365625 0.5583333333333333 0.11145833333333334 0.21481481481481482
15 0.6744791666666666 0.687037037037037 0.0546875 0.16203703703703703
1 0.8317708333333333 0.3 0.16197916666666667 0.1648148148148148
7 0.44375 0.5694444444444444 0.0546875 0.09722222222222222
9 0.6401041666666667 0.20833333333333334 0.1109375 0.18518518518518517
18 0.6166666666666667 0.5416666666666666 0.07916666666666666 0.13333333333333333
0 0.2 0.575 0.06666666666666667 0.17592592592592593
0 0.8791666666666667 0.8537037037037037 0.07291666666666667 0.14074074074074075
11 0.3421875 0.5305555555555556 0.18854166666666666 0.5722222222222222
5 0.4973958333333333 0.7351851851851852 0.053125 0.10648148148148148
