17 0.09427083333333333 0.41203703703703703 0.09375 0.1175925925925926
9 0.49166666666666664 0.5120370370370371 0.08385416666666666 0.15
2 0.25625 0.2569444444444444 0.15104166666666666 0.5138888888888888
8 0.165625 0.22407407407407406 0.05625 0.13240740740740742
18 0.240625 0.35833333333333334 0.06510416666666667 0.13240740740740742
0 0.8651041666666667 0.49722222222222223 0.0953125 0.2101851851851852
11 0.22447916666666667 0.23912037037037037 0.18541666666666667 0.47824074074074074
13 0.25364583333333335 0.28703703703703703 0.0703125 0.1287037037037037
5 0.28489583333333335 0.5101851851851852 0.08385416666666666 0.20833333333333334
9 0.35052083333333334 0.38425925925925924 0.08958333333333333 0.1527777777777778
11 0.27395833333333336 0.18055555555555558 0.24583333333333332 0.36111111111111116
0 0.8869791666666667 0.7824074074074074 0.0484375 0.19907407407407407
