0 0.9140625 0.7537037037037037 0.103125 0.10925925925925926
9 0.7880208333333333 0.5 0.06770833333333333 0.1259259259259259
9 0.5947916666666667 0.5601851851851852 0.07552083333333333 0.14722222222222223
1 0.8567708333333334 0.8361111111111111 0.07239583333333334 0.11851851851851852
2 0.9305989583333334 0.7777777777777778 0.13880208333333333 0.4425925925925926
9 0.45260416666666664 0.8564814814814815 0.096875 0.16203703703703703
3 0.5979166666666667 0.6203703703703703 0.08854166666666667 0.11481481481481481
3 0.5411458333333333 0.35833333333333334 0.06145833333333333 0.1111111111111111
0 0.29583333333333334 0.6092592592592593 0.0890625 0.17777777777777778
10 0.440625 0.2916666666666667 0.125 0.2074074074074074
12 0.475 0.14166666666666666 0.046875 0.08981481481481482
11 0.2296875 0.37222222222222223 0.17916666666666667 0.6
