2 0.6291666666666667 0.8212962962962963 0.21614583333333334 0.3574074074074074
7 0.5401041666666667 0.6314814814814815 0.11822916666666666 0.18425925925925926
6 0.47552083333333334 0.412962962962963 0.10885416666666667 0.19907407407407407
18 0.6588541666666666 0.40370370370370373 0.06666666666666667 0.11944444444444445
18 0.8182291666666667 0.6518518518518519 0.05625 0.09814814814814815
4 0.6088541666666667 0.4898148148148148 0.090625 0.15185185185185185
11 0.6421875 0.23032407407407407 0.209375 0.46064814814814814
6 0.6885416666666667 0.6833333333333333 0.14322916666666666 0.2611111111111111
0 0.8739583333333333 0.4305555555555556 0.06354166666666666 0.21944444444444444
14 0.8041666666666667 0.562037037037037 0.09010416666666667 0.13518518518518519
0 0.9432291666666667 0.8490740740740741 0.0859375 0.14907407407407408
