18 0.3145833333333333 0.4166666666666667 0.06041666666666667 0.09166666666666666
3 0.24739583333333334 0.8064814814814815 0.09635416666666667 0.14537037037037037
9 0.15104166666666666 0.5166666666666667 0.08333333333333333 0.17407407407407408
0 0.7078125 0.12129629629629629 0.07447916666666667 0.23703703703703705
0 0.25 0.0775462962962963 0.11666666666666667 0.1550925925925926
16 0.18697916666666667 0.4722222222222222 0.06875 0.13703703703703704
8 0.05651041666666666 0.3453703703703704 0.11302083333333332 0.21203703703703702
18 0.21458333333333332 0.7907407407407407 0.06145833333333333 0.10740740740740741
0 0.5947916666666667 0.2462962962962963 0.0828125 0.2101851851851852
19 0.35625 0.42962962962962964 0.0921875 0.1712962962962963
