11 0.6010416666666667 0.7949074074074074 0.17708333333333334 0.4101851851851852
0 0.3515625 0.9493055555555555 0.09427083333333333 0.10138888888888897
8 0.8328125 0.2833333333333333 0.06927083333333334 0.13333333333333333
4 0.6848958333333334 0.4527777777777778 0.07552083333333333 0.125
11 0.40729166666666666 0.3277777777777778 0.15104166666666666 0.5018518518518519
5 0.7427083333333333 0.37037037037037035 0.05572916666666667 0.08796296296296297
0 0.6614583333333334 0.8361111111111111 0.096875 0.19537037037037036
16 0.8057291666666667 0.27037037037037037 0.058854166666666666 0.06851851851851852
0 0.584375 0.21851851851851853 0.10104166666666667 0.21388888888888888
10 0.7208333333333333 0.48148148148148145 0.11354166666666667 0.2324074074074074
16 0.7817708333333333 0.2722222222222222 0.13333333333333333 0.1824074074074074
