12 0.3177083333333333 0.6648148148148149 0.06927083333333334 0.09351851851851851
19 0.2864583333333333 0.5398148148148149 0.06927083333333334 0.15
19 0.24739583333333334 0.5101851851851852 0.134375 0.2222222222222222
17 0.24635416666666668 0.22870370370370371 0.10260416666666666 0.19722222222222222
0 0.21666666666666667 0.24722222222222223 0.1015625 0.3175925925925926
0 0.803125 0.7222222222222222 0.04895833333333333 0.19074074074074074
11 0.8973958333333333 0.2377314814814815 0.17760416666666667 0.475462962962963
4 0.18645833333333334 0.47314814814814815 0.0546875 0.1175925925925926
0 0.728125 0.9402777777777778 0.0953125 0.11944444444444446
19 0.30572916666666666 0.6166666666666667 0.1375 0.2222222222222222
5 0.30833333333333335 0.7305555555555555 0.05520833333333333 0.09537037037037037
