0 0.7104166666666667 0.11388888888888889 0.04010416666666667 0.1824074074074074
18 0.3515625 0.6972222222222222 0.05520833333333333 0.09814814814814815
2 0.4869791666666667 0.2050925925925926 0.1921875 0.4101851851851852
11 0.08893229166666666 0.7645833333333334 0.17786458333333333 0.4708333333333333
16 0.23541666666666666 0.562037037037037 0.12083333333333333 0.1388888888888889
0 0.303125 0.275 0.06927083333333334 0.1814814814814815
11 0.9451822916666667 0.17800925925925926 0.10963541666666665 0.3560185185185185
13 0.384375 0.39537037037037037 0.07604166666666666 0.12407407407407407
10 0.27395833333333336 0.6287037037037037 0.0859375 0.14814814814814814
7 0.40572916666666664 0.35462962962962963 0.04895833333333333 0.18055555555555555
