0 0.1890625 0.43333333333333335 0.06822916666666666 0.17685185185185184
2 0.3692708333333333 0.8863425925925925 0.13541666666666666 0.22731481481481486
12 0.525 0.49166666666666664 0.0734375 0.1287037037037037
12 0.3463541666666667 0.8518518518518519 0.059375 0.14074074074074075
11 0.5942708333333333 0.14189814814814816 0.16458333333333333 0.2837962962962963
14 0.6848958333333334 0.6018518518518519 0.049479166666666664 0.075
4 0.53125 0.6268518518518519 0.06614583333333333 0.08796296296296297
1 0.6671875 0.7453703703703703 0.1125 0.21851851851851853
11 0.16822916666666668 0.5935185185185186 0.14895833333333333 0.6046296296296296
17 0.5692708333333333 0.6111111111111112 0.06770833333333333 0.13055555555555556
