11 0.7994791666666666 0.46296296296296297 0.16979166666666667 0.6509259259259259
6 0.38125 0.687962962962963 0.11822916666666666 0.1712962962962963
18 0.196875 0.5907407407407408 0.09114583333333333 0.1712962962962963
8 0.153125 0.8037037037037037 0.1234375 0.2074074074074074
3 0.3296875 0.39166666666666666 0.08854166666666667 0.14722222222222223
2 0.8869791666666667 0.1912037037037037 0.19322916666666667 0.3824074074074074
0 0.9546875 0.04791666666666667 0.07447916666666667 0.09583333333333334
2 0.7328125 0.19537037037037036 0.17916666666666667 0.3907407407407407
3 0.16822916666666668 0.46574074074074073 0.09114583333333333 0.16574074074074074
6 0.35885416666666664 0.5555555555555556 0.09322916666666667 0.09722222222222222
17 0.19791666666666666 0.2898148148148148 0.08697916666666666 0.14351851851851852
