8 0.5885416666666666 0.25092592592592594 0.09583333333333334 0.21296296296296297
0 0.1171875 0.8527777777777777 0.058333333333333334 0.19537037037037036
0 0.18125 0.6388888888888888 0.050520833333333334 0.15833333333333333
18 0.47708333333333336 0.3527777777777778 0.06458333333333334 0.1175925925925926
5 0.6015625 0.25 0.050520833333333334 0.14629629629629629
10 0.5213541666666667 0.4981481481481482 0.1265625 0.25
2 0.9459635416666667 0.25555555555555554 0.10807291666666663 0.4638888888888889
3 0.7010416666666667 0.30277777777777776 0.06770833333333333 0.13518518518518519
10 0.446875 0.25555555555555554 0.13541666666666666 0.17592592592592593
11 0.9548177083333333 0.4009259259259259 0.09036458333333341 0.4537037037037037
0 0.8307291666666666 0.5851851851851851 0.0734375 0.1824074074074074
2 0.5723958333333333 0.17731481481481481 0.1375 0.35462962962962963
