1 0.6322916666666667 0.15648148148148147 0.10364583333333334 0.1361111111111111
11 0.15 0.6064814814814815 0.24270833333333333 0.5398148148148149
1 0.8572916666666667 0.3425925925925926 0.11302083333333333 0.17407407407407408
0 0.1875 0.7268518518518519 0.07239583333333334 0.25462962962962965
13 0.5578125 0.27685185185185185 0.0890625 0.2037037037037037
5 0.540625 0.387037037037037 0.0703125 0.10833333333333334
2 0.871875 0.6287037037037037 0.21302083333333333 0.6277777777777778
9 0.5552083333333333 0.4009259259259259 0.0875 0.10925925925925926
2 0.14270833333333333 0.17407407407407408 0.18645833333333334 0.34814814814814815
17 0.44427083333333334 0.4583333333333333 0.06510416666666667 0.1037037037037037
3 0.4359375 0.33425925925925926 0.09583333333333334 0.12777777777777777
