12 0.7088541666666667 0.5731481481481482 0.07447916666666667 0.16944444444444445
15 0.5088541666666667 0.18518518518518517 0.1453125 0.24351851851851852
0 0.36666666666666664 0.8148148148148148 0.09947916666666666 0.2222222222222222
6 0.85625 0.487962962962963 0.07447916666666667 0.0962962962962963
0 0.46458333333333335 0.08842592592592594 0.08177083333333333 0.17685185185185187
3 0.44375 0.6833333333333333 0.09635416666666667 0.1398148148148148
0 0.12760416666666666 0.2814814814814815 0.07395833333333333 0.13518518518518519
2 0.9420572916666667 0.16064814814814815 0.11588541666666663 0.3212962962962963
4 0.6604166666666667 0.3648148148148148 0.09375 0.13703703703703704
17 0.6869791666666667 0.3537037037037037 0.07447916666666667 0.1111111111111111
17 0.540625 0.5009259259259259 0.08177083333333333 0.11944444444444445
