10 0.8989583333333333 0.4787037037037037 0.1453125 0.22407407407407406
14 0.6916666666666667 0.5027777777777778 0.0578125 0.10277777777777777
0 0.6520833333333333 0.625 0.05572916666666667 0.16574074074074074
2 0.6817708333333333 0.32685185185185184 0.1390625 0.5888888888888889
4 0.5458333333333333 0.5592592592592592 0.1015625 0.20277777777777778
17 0.6895833333333333 0.6990740740740741 0.08229166666666667 0.17685185185185184
10 0.7395833333333334 0.6787037037037037 0.17083333333333334 0.18703703703703703
18 0.8213541666666667 0.8185185185185185 0.08385416666666666 0.17407407407407408
0 0.09895833333333333 0.3194444444444444 0.1109375 0.17037037037037037
0 0.39791666666666664 0.7814814814814814 0.09010416666666667 0.1537037037037037
12 0.8411458333333334 0.20462962962962963 0.08177083333333333 0.17314814814814813
