1 0.6619791666666667 0.7916666666666666 0.12864583333333332 0.1398148148148148
12 0.5953125 0.28055555555555556 0.07708333333333334 0.13425925925925927
8 0.42916666666666664 0.20462962962962963 0.11458333333333333 0.1648148148148148
18 0.39010416666666664 0.23148148148148148 0.07083333333333333 0.09907407407407408
9 0.5546875 0.2324074074074074 0.0546875 0.09537037037037037
19 0.4817708333333333 0.4537037037037037 0.12760416666666666 0.20092592592592592
2 0.45729166666666665 0.7976851851851852 0.1875 0.4046296296296297
0 0.21510416666666668 0.9377314814814814 0.0765625 0.12453703703703711
6 0.4583333333333333 0.7240740740740741 0.0703125 0.10555555555555556
13 0.6619791666666667 0.03518518518518519 0.0625 0.07037037037037037
