11 0.95703125 0.12152777777777779 0.0859375 0.24305555555555558
2 0.42916666666666664 0.8483796296296297 0.22395833333333334 0.3032407407407407
0 0.6072916666666667 0.8703703703703703 0.065625 0.15462962962962962
8 0.9653645833333333 0.6657407407407407 0.06927083333333339 0.19444444444444445
0 0.6317708333333333 0.23981481481481481 0.153125 0.1824074074074074
18 0.8479166666666667 0.47129629629629627 0.0828125 0.17314814814814813
14 0.8171875 0.36574074074074076 0.08958333333333333 0.16111111111111112
19 0.5619791666666667 0.3194444444444444 0.09895833333333333 0.11851851851851852
0 0.2604166666666667 0.799074074074074 0.08958333333333333 0.2824074074074074
2 0.7229166666666667 0.7212962962962963 0.190625 0.5574074074074074
