3 0.49583333333333335 0.10925925925925926 0.058333333333333334 0.14907407407407408
0 0.7890625 0.8472222222222222 0.13177083333333334 0.15555555555555556
10 0.26875 0.5037037037037037 0.11145833333333334 0.11203703703703703
7 0.3328125 0.6796296296296296 0.05677083333333333 0.09259259259259259
18 0.525 0.362962962962963 0.090625 0.13240740740740742
12 0.2546875 0.4027777777777778 0.075 0.20925925925925926
11 0.07838541666666667 0.7925925925925926 0.15677083333333333 0.41481481481481475
3 0.30052083333333335 0.27314814814814814 0.05416666666666667 0.1175925925925926
11 0.6255208333333333 0.8127314814814814 0.159375 0.374537037037037
4 0.35625 0.29814814814814816 0.07708333333333334 0.17037037037037037
