6 0.3958333333333333 0.5611111111111111 0.05677083333333333 0.11388888888888889
15 0.4046875 0.21203703703703702 0.078125 0.16666666666666666
1 0.45 0.37222222222222223 0.11041666666666666 0.13240740740740742
5 0.43645833333333334 0.2175925925925926 0.05625 0.1259259259259259
5 0.26510416666666664 0.4064814814814815 0.07708333333333334 0.20277777777777778
17 0.41875 0.07962962962962963 0.06458333333333334 0.08888888888888889
2 0.8197916666666667 0.45092592592592595 0.16458333333333333 0.6037037037037037
12 0.2625 0.36574074074074076 0.09427083333333333 0.15462962962962962
2 0.165625 0.4185185185185185 0.15520833333333334 0.4111111111111111
0 0.9229166666666667 0.39351851851851855 0.078125 0.15092592592592594
14 0.2625 0.19444444444444445 0.049479166666666664 0.13425925925925927
