2 0.4786458333333333 0.8016203703703704 0.16770833333333332 0.39675925925925926
17 0.8348958333333333 0.6888888888888889 0.0765625 0.13425925925925927
1 0.4265625 0.29814814814814816 0.14739583333333334 0.17037037037037037
1 0.609375 0.3287037037037037 0.075 0.26944444444444443
14 0.6786458333333333 0.19166666666666668 0.07604166666666666 0.1037037037037037
5 0.6125 0.5879629629629629 0.06770833333333333 0.20462962962962963
10 0.5786458333333333 0.5537037037037037 0.11666666666666667 0.14722222222222223
2 0.30572916666666666 0.21990740740740744 0.16875 0.4398148148148149
5 0.6375 0.35833333333333334 0.0921875 0.19074074074074074
19 0.6942708333333333 0.2712962962962963 0.08645833333333333 0.16296296296296298
