11 0.33958333333333335 0.14282407407407408 0.19322916666666667 0.28564814814814815
0 0.02317708333333333 0.8092592592592592 0.04635416666666666 0.2324074074074074
0 0.32760416666666664 0.9365740740740741 0.1578125 0.12685185185185177
19 0.6911458333333333 0.687037037037037 0.12447916666666667 0.16296296296296298
7 0.8057291666666667 0.3814814814814815 0.09583333333333334 0.18981481481481483
15 0.50625 0.47685185185185186 0.0640625 0.18518518518518517
5 0.7479166666666667 0.25925925925925924 0.06875 0.14907407407407408
7 0.6234375 0.525 0.06302083333333333 0.11203703703703703
0 0.17291666666666666 0.5046296296296297 0.1234375 0.18888888888888888
5 0.44479166666666664 0.3990740740740741 0.08177083333333333 0.17685185185185184
