11 0.05481770833333333 0.549074074074074 0.10963541666666667 0.5342592592592592
5 0.4744791666666667 0.5555555555555556 0.07552083333333333 0.08425925925925926
17 0.378125 0.3416666666666667 0.10729166666666666 0.13796296296296295
0 0.29375 0.43148148148148147 0.13385416666666666 0.24074074074074073
6 0.31197916666666664 0.6555555555555556 0.08072916666666667 0.11574074074074074
0 0.03203125 0.5 0.0640625 0.22592592592592592
4 0.5515625 0.9636574074074074 0.08697916666666666 0.07268518518518519
0 0.05091145833333333 0.47962962962962963 0.10182291666666667 0.34629629629629627
11 0.2833333333333333 0.3472222222222222 0.140625 0.4324074074074074
18 0.45 0.3638888888888889 0.0546875 0.1111111111111111
