0 0.6104166666666667 0.7481481481481481 0.090625 0.1925925925925926
15 0.29739583333333336 0.5777777777777777 0.10208333333333333 0.11666666666666667
1 0.5234375 0.2 0.053125 0.09444444444444444
0 0.04583333333333333 0.20277777777777778 0.07239583333333334 0.24259259259259258
11 0.3515625 0.2138888888888889 0.14739583333333334 0.4277777777777778
11 0.20677083333333332 0.23796296296296296 0.19479166666666667 0.4759259259259259
12 0.09427083333333333 0.6703703703703704 0.0796875 0.17592592592592593
18 0.20625 0.7027777777777777 0.052083333333333336 0.10740740740740741
3 0.2796875 0.46574074074074073 0.07760416666666667 0.0962962962962963
3 0.2984375 0.44166666666666665 0.06354166666666666 0.08796296296296297
