5 0.39375 0.3101851851851852 0.09947916666666666 0.18055555555555555
18 0.4036458333333333 0.49166666666666664 0.10520833333333333 0.1537037037037037
16 0.38958333333333334 0.4777777777777778 0.09895833333333333 0.10185185185185185
8 0.35104166666666664 0.17222222222222222 0.12083333333333333 0.15185185185185185
2 0.7583333333333333 0.874074074074074 0.14739583333333334 0.2518518518518519
2 0.7354166666666667 0.5833333333333334 0.19322916666666667 0.49444444444444446
10 0.4453125 0.3537037037037037 0.08489583333333334 0.18425925925925926
15 0.38229166666666664 0.6518518518518519 0.090625 0.13055555555555556
1 0.5692708333333333 0.7953703703703704 0.13385416666666666 0.1574074074074074
5 0.46145833333333336 0.38796296296296295 0.06041666666666667 0.1574074074074074
