2 0.7359375 0.25601851851851853 0.16979166666666667 0.5120370370370371
3 0.8380208333333333 0.5851851851851851 0.1078125 0.13333333333333333
11 0.40989583333333335 0.7351851851851852 0.14635416666666667 0.43703703703703706
11 0.7484375 0.5166666666666667 0.15260416666666668 0.5962962962962963
0 0.9606770833333333 0.20277777777777778 0.0786458333333333 0.1824074074074074
1 0.22135416666666666 0.33425925925925926 0.10364583333333334 0.10925925925925926
16 0.5619791666666667 0.5768518518518518 0.06354166666666666 0.10925925925925926
4 0.7005208333333334 0.23981481481481481 0.09895833333333333 0.1398148148148148
13 0.653125 0.4324074074074074 0.103125 0.16944444444444445
16 0.6911458333333333 0.5166666666666667 0.0734375 0.19074074074074074
3 0.6880208333333333 0.43425925925925923 0.059375 0.09166666666666666
15 0.634375 0.5342592592592592 0.11354166666666667 0.225
