2 0.5989583333333334 0.8645833333333333 0.13958333333333334 0.27083333333333337
0 0.1671875 0.6046296296296296 0.0953125 0.287962962962963
0 0.5729166666666666 0.05972222222222222 0.1109375 0.11944444444444444
11 0.8598958333333333 0.7166666666666667 0.19739583333333333 0.5324074074074074
12 0.28125 0.4444444444444444 0.07760416666666667 0.10925925925925926
1 0.2708333333333333 0.5453703703703704 0.090625 0.1824074074074074
3 0.3 0.8694444444444445 0.0703125 0.16574074074074074
15 0.2921875 0.4444444444444444 0.109375 0.22592592592592592
2 0.5791666666666667 0.7953703703703704 0.13177083333333334 0.38981481481481484
19 0.3375 0.4888888888888889 0.14479166666666668 0.26666666666666666
10 0.34427083333333336 0.9634259259259259 0.15260416666666668 0.07314814814814818
