11 0.7 0.2136574074074074 0.2078125 0.4273148148148148
2 0.775 0.2898148148148148 0.1484375 0.4361111111111111
6 0.63125 0.8407407407407408 0.075 0.16018518518518518
14 0.8078125 0.4722222222222222 0.1125 0.1712962962962963
12 0.7354166666666667 0.5518518518518518 0.08385416666666666 0.11388888888888889
3 0.6989583333333333 0.5546296296296296 0.06666666666666667 0.15185185185185185
19 0.8395833333333333 0.5657407407407408 0.12239583333333333 0.17314814814814813
0 0.04479166666666667 0.2212962962962963 0.04739583333333333 0.19907407407407407
19 0.6947916666666667 0.5111111111111111 0.1484375 0.2611111111111111
0 0.5515625 0.8629629629629629 0.09270833333333334 0.1388888888888889
11 0.7989583333333333 0.2962962962962963 0.14166666666666666 0.42314814814814816
16 0.9036458333333334 0.47962962962962963 0.06666666666666667 0.16296296296296298
