0 0.475 0.4962962962962963 0.058854166666666666 0.18425925925925926
11 0.7979166666666667 0.7800925925925926 0.16822916666666668 0.4398148148148149
14 0.3671875 0.287962962962963 0.07239583333333334 0.1175925925925926
16 0.23645833333333333 0.32592592592592595 0.0828125 0.16944444444444445
1 0.8166666666666667 0.13148148148148148 0.128125 0.24444444444444444
7 0.38333333333333336 0.4638888888888889 0.05520833333333333 0.14722222222222223
16 0.13697916666666668 0.5925925925925926 0.050520833333333334 0.08148148148148149
2 0.26145833333333335 0.48055555555555557 0.15677083333333333 0.4648148148148148
10 0.2989583333333333 0.6416666666666667 0.11875 0.2611111111111111
17 0.40677083333333336 0.412962962962963 0.050520833333333334 0.08148148148148149
0 0.48541666666666666 0.6046296296296296 0.06770833333333333 0.19074074074074074
