2 0.46770833333333334 0.23125 0.21197916666666666 0.4625
4 0.671875 0.5138888888888888 0.075 0.1425925925925926
0 0.425 0.9421296296296297 0.078125 0.1157407407407407
11 0.3854166666666667 0.5138888888888888 0.21666666666666667 0.537962962962963
2 0.4432291666666667 0.8706018518518519 0.13333333333333333 0.2587962962962963
7 0.9661458333333334 0.46944444444444444 0.0484375 0.11018518518518519
17 0.7572916666666667 0.20277777777777778 0.06145833333333333 0.20555555555555555
19 0.7760416666666666 0.22407407407407406 0.16041666666666668 0.3277777777777778
5 0.6927083333333334 0.2361111111111111 0.07864583333333333 0.14722222222222223
19 0.7442708333333333 0.47685185185185186 0.07552083333333333 0.14907407407407408
