2 0.7447916666666666 0.5574074074074075 0.16302083333333334 0.44722222222222224
19 0.3489583333333333 0.4166666666666667 0.11302083333333333 0.2074074074074074
0 0.2 0.6537037037037037 0.08854166666666667 0.19722222222222222
8 0.4859375 0.22962962962962963 0.075 0.08796296296296297
11 0.06302083333333333 0.6 0.12604166666666666 0.45
17 0.4427083333333333 0.45925925925925926 0.13958333333333334 0.1824074074074074
3 0.42864583333333334 0.8555555555555555 0.09427083333333333 0.1259259259259259
4 0.5651041666666666 0.5833333333333334 0.09375 0.18611111111111112
16 0.2640625 0.6898148148148148 0.0484375 0.10555555555555556
9 0.4036458333333333 0.7194444444444444 0.09270833333333334 0.14074074074074075
2 0.3234375 0.6805555555555556 0.190625 0.6388888888888888
