1 0.10833333333333334 0.6916666666666667 0.1828125 0.1685185185185185
0 0.5776041666666667 0.7055555555555556 0.0734375 0.20462962962962963
4 0.6880208333333333 0.549074074074074 0.0703125 0.09351851851851851
11 0.48489583333333336 0.3333333333333333 0.13385416666666666 0.5777777777777777
16 0.5494791666666666 0.26296296296296295 0.05520833333333333 0.14166666666666666
9 0.590625 0.9083333333333333 0.06354166666666666 0.10740740740740741
3 0.5515625 0.4564814814814815 0.0484375 0.09537037037037037
4 0.559375 0.5703703703703704 0.08697916666666666 0.11851851851851852
16 0.5390625 0.6277777777777778 0.06927083333333334 0.12222222222222222
14 0.6072916666666667 0.5333333333333333 0.0796875 0.15925925925925927
