11 0.38697916666666665 0.3037037037037037 0.15260416666666668 0.4222222222222222
4 0.37604166666666666 0.5194444444444445 0.06666666666666667 0.10925925925925926
11 0.5489583333333333 0.35833333333333334 0.16145833333333334 0.6148148148148148
15 0.33958333333333335 0.8851851851851852 0.13125 0.18796296296296297
0 0.2869791666666667 0.22685185185185186 0.1375 0.2
11 0.6328125 0.49074074074074076 0.17916666666666667 0.4305555555555556
18 0.178125 0.8027777777777778 0.07864583333333333 0.1527777777777778
12 0.3484375 0.37222222222222223 0.07708333333333334 0.1425925925925926
0 0.6645833333333333 0.6203703703703703 0.1203125 0.2074074074074074
10 0.20260416666666667 0.4101851851851852 0.09635416666666667 0.13703703703703704
0 0.90625 0.875 0.065625 0.17962962962962964
