3 0.3333333333333333 0.6944444444444444 0.042708333333333334 0.09722222222222222
14 0.5848958333333333 0.45925925925925926 0.08020833333333334 0.07777777777777778
0 0.08958333333333333 0.9407407407407407 0.059375 0.11851851851851858
14 0.6390625 0.43425925925925923 0.0515625 0.09259259259259259
11 0.06640625 0.8530092592592593 0.1328125 0.2939814814814815
0 0.5557291666666667 0.9208333333333334 0.13697916666666668 0.15833333333333333
3 0.5723958333333333 0.812037037037037 0.11354166666666667 0.13425925925925927
8 0.5098958333333333 0.18981481481481483 0.0796875 0.09444444444444444
17 0.54375 0.32037037037037036 0.08541666666666667 0.11851851851851852
10 0.5864583333333333 0.42592592592592593 0.13125 0.16944444444444445
