7 0.6994791666666667 0.5694444444444444 0.06458333333333334 0.1111111111111111
19 0.6817708333333333 0.4287037037037037 0.0984375 0.18518518518518517
19 0.8161458333333333 0.5231481481481481 0.09114583333333333 0.12962962962962962
10 0.8489583333333334 0.32222222222222224 0.0859375 0.175
5 0.6489583333333333 0.44074074074074077 0.06875 0.10555555555555556
0 0.8401041666666667 0.8166666666666667 0.09427083333333333 0.16203703703703703
2 0.30104166666666665 0.20787037037037037 0.16302083333333334 0.41574074074074074
9 0.7109375 0.2916666666666667 0.0875 0.1638888888888889
15 0.6614583333333334 0.42407407407407405 0.11510416666666666 0.2324074074074074
2 0.7833333333333333 0.4009259259259259 0.1265625 0.4074074074074074
