18 0.4979166666666667 0.4203703703703704 0.05625 0.11666666666666667
2 0.6307291666666667 0.1439814814814815 0.15677083333333333 0.287962962962963
2 0.678125 0.45 0.15416666666666667 0.44074074074074077
5 0.47552083333333334 0.40370370370370373 0.07760416666666667 0.15185185185185185
19 0.3984375 0.39537037037037037 0.07447916666666667 0.16666666666666666
11 0.930859375 0.6638888888888889 0.1382812499999999 0.5435185185185185
7 0.56875 0.6925925925925925 0.07864583333333333 0.10462962962962963
0 0.6442708333333333 0.6425925925925926 0.12552083333333333 0.2111111111111111
18 0.4708333333333333 0.3787037037037037 0.0609375 0.075
0 0.47239583333333335 0.34444444444444444 0.06927083333333334 0.25925925925925924
