19 0.5239583333333333 0.15 0.12291666666666666 0.18055555555555555
2 0.6447916666666667 0.15138888888888888 0.14010416666666667 0.30277777777777776
9 0.5953125 0.25555555555555554 0.0921875 0.21203703703703702
8 0.47604166666666664 0.4324074074074074 0.08854166666666667 0.15833333333333333
0 0.9010416666666666 0.8296296296296296 0.05364583333333333 0.20555555555555555
7 0.6072916666666667 0.4648148148148148 0.08802083333333334 0.1398148148148148
0 0.7708333333333334 0.7398148148148148 0.08020833333333334 0.2740740740740741
11 0.4947916666666667 0.3787037037037037 0.15104166666666666 0.5824074074074074
1 0.9548177083333333 0.08101851851851852 0.09036458333333341 0.16203703703703703
13 0.7041666666666667 0.7953703703703704 0.08541666666666667 0.10277777777777777
12 0.5078125 0.47314814814814815 0.09895833333333333 0.11851851851851852
3 0.68125 0.4185185185185185 0.065625 0.0824074074074074
