3 0.05625 0.4601851851851852 0.07760416666666667 0.10277777777777777
8 0.31666666666666665 0.3037037037037037 0.1203125 0.2111111111111111
2 0.9125000000000001 0.3490740740740741 0.17499999999999993 0.4935185185185185
0 0.4828125 0.5925925925925926 0.1078125 0.19722222222222222
0 0.3578125 0.612037037037037 0.075 0.15555555555555556
16 0.23072916666666668 0.5990740740740741 0.0859375 0.12962962962962962
4 0.3734375 0.053703703703703705 0.06510416666666667 0.10092592592592593
11 0.48020833333333335 0.7886574074074074 0.20833333333333334 0.42268518518518516
11 0.07838541666666667 0.562962962962963 0.15677083333333333 0.5157407407407407
0 0.8708333333333333 0.9131944444444444 0.103125 0.17361111111111116
