18 0.48385416666666664 0.47129629629629627 0.07864583333333333 0.125
3 0.4078125 0.524074074074074 0.08541666666666667 0.11666666666666667
0 0.44583333333333336 0.8666666666666667 0.06458333333333334 0.1638888888888889
8 0.26979166666666665 0.5731481481481482 0.11197916666666667 0.2074074074074074
2 0.11197916666666667 0.8655092592592593 0.20885416666666667 0.2689814814814815
1 0.9696614583333334 0.6092592592592593 0.060677083333333326 0.2898148148148148
12 0.36302083333333335 0.562037037037037 0.0609375 0.0962962962962963
11 0.865625 0.4981481481481482 0.19479166666666667 0.5731481481481482
11 0.615625 0.32592592592592595 0.21666666666666667 0.5537037037037037
12 0.34427083333333336 0.5324074074074074 0.06145833333333333 0.12314814814814815
12 0.4036458333333333 0.48055555555555557 0.05520833333333333 0.08796296296296297
