10 0.15625 0.7944444444444444 0.1296875 0.21481481481481482
13 0.271875 0.8638888888888889 0.0859375 0.12407407407407407
7 0.30833333333333335 0.5351851851851852 0.06979166666666667 0.09166666666666666
15 0.2604166666666667 0.37777777777777777 0.15416666666666667 0.16574074074074074
1 0.4083333333333333 0.13240740740740742 0.08854166666666667 0.18981481481481483
11 0.4322916666666667 0.18171296296296297 0.19114583333333332 0.36342592592592593
18 0.1203125 0.7416666666666667 0.07916666666666666 0.11296296296296296
5 0.41770833333333335 0.5555555555555556 0.06770833333333333 0.11203703703703703
0 0.5755208333333334 0.7685185185185185 0.09166666666666666 0.14907407407407408
19 0.3328125 0.675 0.07135416666666666 0.15648148148148147
