18 0.8229166666666666 0.28888888888888886 0.050520833333333334 0.07314814814814814
17 0.6817708333333333 0.3648148148148148 0.06510416666666667 0.11296296296296296
10 0.6270833333333333 0.3990740740740741 0.09375 0.13333333333333333
4 0.6776041666666667 0.3537037037037037 0.10260416666666666 0.12037037037037036
0 0.6083333333333333 0.7018518518518518 0.036458333333333336 0.17314814814814813
3 0.5088541666666667 0.37962962962962965 0.065625 0.08703703703703704
0 0.33958333333333335 0.587037037037037 0.07447916666666667 0.1425925925925926
16 0.7046875 0.2611111111111111 0.050520833333333334 0.0787037037037037
8 0.6286458333333333 0.04675925925925926 0.06302083333333333 0.09351851851851851
11 0.04140625 0.17800925925925926 0.0828125 0.3560185185185185
