0 0.2015625 0.8203703703703704 0.1265625 0.2111111111111111
11 0.1125 0.22199074074074074 0.1515625 0.4439814814814815
9 0.37395833333333334 0.28888888888888886 0.0515625 0.10555555555555556
8 0.3536458333333333 0.3472222222222222 0.071875 0.12407407407407407
0 0.646875 0.3453703703703704 0.07864583333333333 0.2212962962962963
16 0.27395833333333336 0.5342592592592592 0.0765625 0.14722222222222223
10 0.39114583333333336 0.04490740740740741 0.10104166666666667 0.08981481481481482
7 0.47239583333333335 0.7 0.04010416666666667 0.13240740740740742
2 0.6645833333333333 0.34629629629629627 0.13697916666666668 0.5842592592592593
0 0.7713541666666667 0.04861111111111111 0.13541666666666666 0.09722222222222222
9 0.6380208333333334 0.07083333333333333 0.10520833333333333 0.14166666666666666
11 0.4708333333333333 0.6064814814814815 0.16302083333333334 0.4861111111111111
