8 0.2609375 0.4787037037037037 0.07083333333333333 0.11944444444444445
1 0.6864583333333333 0.6731481481481482 0.1109375 0.1287037037037037
6 0.41875 0.24166666666666667 0.08229166666666667 0.2222222222222222
0 0.6348958333333333 0.3212962962962963 0.08020833333333334 0.1425925925925926
9 0.48854166666666665 0.7861111111111111 0.05677083333333333 0.11666666666666667
0 0.08333333333333333 0.2490740740740741 0.10572916666666667 0.25555555555555554
2 0.9466145833333333 0.23055555555555554 0.10677083333333337 0.4611111111111111
15 0.21927083333333333 0.5138888888888888 0.13958333333333334 0.2064814814814815
14 0.29583333333333334 0.5037037037037037 0.06197916666666667 0.11018518518518519
7 0.25 0.8601851851851852 0.0671875 0.10648148148148148
