0 0.8026041666666667 0.4675925925925926 0.11145833333333334 0.22870370370370371
0 0.6791666666666667 0.35555555555555557 0.14947916666666666 0.2064814814814815
9 0.9010416666666666 0.47685185185185186 0.06770833333333333 0.09537037037037037
5 0.78125 0.2064814814814815 0.06458333333333334 0.10648148148148148
19 0.7020833333333333 0.4685185185185185 0.1015625 0.1527777777777778
11 0.2921875 0.587037037037037 0.1734375 0.6592592592592592
2 0.8442708333333333 0.5944444444444444 0.14635416666666667 0.6231481481481481
14 0.6609375 0.37037037037037035 0.051041666666666666 0.08888888888888889
0 0.6104166666666667 0.7731481481481481 0.1125 0.18518518518518517
17 0.9421875 0.4898148148148148 0.08802083333333334 0.1425925925925926
