17 0.36041666666666666 0.37222222222222223 0.10833333333333334 0.15925925925925927
2 0.9135416666666667 0.3194444444444444 0.15052083333333333 0.6305555555555555
0 0.5671875 0.11296296296296296 0.052083333333333336 0.1648148148148148
15 0.32395833333333335 0.21296296296296297 0.103125 0.24259259259259258
9 0.26666666666666666 0.5166666666666667 0.06197916666666667 0.10740740740740741
8 0.20677083333333332 0.2212962962962963 0.0734375 0.10277777777777777
4 0.3494791666666667 0.2916666666666667 0.05572916666666667 0.12037037037037036
11 0.46197916666666666 0.13958333333333334 0.13802083333333334 0.2791666666666667
5 0.24479166666666666 0.6333333333333333 0.06927083333333334 0.11481481481481481
0 0.6177083333333333 0.625 0.12552083333333333 0.22592592592592592
0 0.08098958333333334 0.7685185185185185 0.16197916666666667 0.30277777777777776
