0 0.4041666666666667 0.30648148148148147 0.08541666666666667 0.16111111111111112
16 0.3411458333333333 0.25 0.04635416666666667 0.1425925925925926
0 0.5458333333333333 0.9076388888888889 0.0828125 0.18472222222222223
19 0.5489583333333333 0.46296296296296297 0.11666666666666667 0.17962962962962964
9 0.35885416666666664 0.4101851851851852 0.10364583333333334 0.1638888888888889
7 0.4786458333333333 0.5731481481481482 0.08177083333333333 0.08888888888888889
10 0.365625 0.1189814814814815 0.17447916666666666 0.237962962962963
10 0.3609375 0.28425925925925927 0.10260416666666666 0.1962962962962963
9 0.5786458333333333 0.17407407407407408 0.065625 0.15555555555555556
0 0.5078125 0.8 0.08072916666666667 0.1685185185185185
