2 0.34427083333333336 0.34814814814814815 0.14427083333333332 0.45740740740740743
16 0.5411458333333333 0.5342592592592592 0.08333333333333333 0.18611111111111112
10 0.6296875 0.8833333333333333 0.12239583333333333 0.17314814814814813
11 0.7104166666666667 0.7555555555555555 0.14947916666666666 0.4861111111111111
5 0.26875 0.36574074074074076 0.08020833333333334 0.11388888888888889
1 0.1921875 0.9254629629629629 0.07604166666666666 0.14907407407407414
10 0.5604166666666667 0.5166666666666667 0.078125 0.16944444444444445
2 0.9479166666666666 0.7356481481481482 0.10416666666666674 0.5287037037037037
1 0.1875 0.08611111111111111 0.1078125 0.1425925925925926
0 0.2604166666666667 0.6675925925925926 0.05260416666666667 0.17314814814814813
