16 0.6046875 0.4287037037037037 0.0703125 0.1685185185185185
11 0.13802083333333334 0.6648148148148149 0.19270833333333334 0.49907407407407406
10 0.459375 0.7898148148148149 0.09895833333333333 0.11481481481481481
0 0.49895833333333334 0.8324074074074074 0.07760416666666667 0.14814814814814814
12 0.6244791666666667 0.5953703703703703 0.06302083333333333 0.09074074074074075
0 0.6989583333333333 0.9493055555555555 0.046875 0.10138888888888897
16 0.46145833333333336 0.387037037037037 0.08020833333333334 0.14444444444444443
1 0.29375 0.36944444444444446 0.10052083333333334 0.14351851851851852
2 0.85 0.8337962962962963 0.2015625 0.3324074074074075
8 0.434375 0.5935185185185186 0.05625 0.12777777777777777
6 0.4942708333333333 0.5287037037037037 0.0953125 0.14629629629629629
9 0.6130208333333333 0.6074074074074074 0.08020833333333334 0.1675925925925926
