16 0.81875 0.12129629629629629 0.08072916666666667 0.1824074074074074
11 0.24479166666666666 0.6046296296296296 0.21770833333333334 0.6435185185185185
2 0.15729166666666666 0.8592592592592593 0.24479166666666666 0.28148148148148144
18 0.4817708333333333 0.04837962962962963 0.10885416666666667 0.09675925925925925
14 0.6572916666666667 0.11296296296296296 0.058333333333333334 0.16666666666666666
0 0.7953125 0.25092592592592594 0.13385416666666666 0.15
5 0.6838541666666667 0.41388888888888886 0.04739583333333333 0.075
0 0.8354166666666667 0.9363425925925926 0.075 0.12731481481481488
6 0.6494791666666667 0.3972222222222222 0.09583333333333334 0.14074074074074075
0 0.321875 0.49907407407407406 0.14479166666666668 0.23055555555555557
14 0.7390625 0.3453703703703704 0.084375 0.2222222222222222
