11 0.21145833333333333 0.6194444444444445 0.15729166666666666 0.4527777777777778
16 0.45625 0.8046296296296296 0.07083333333333333 0.13055555555555556
2 0.3067708333333333 0.5351851851851852 0.19479166666666667 0.4962962962962963
6 0.5979166666666667 0.6453703703703704 0.09375 0.08981481481481482
16 0.33645833333333336 0.6296296296296297 0.04635416666666667 0.07777777777777778
14 0.4197916666666667 0.4824074074074074 0.04791666666666667 0.11666666666666667
0 0.20052083333333334 0.1935185185185185 0.08177083333333333 0.18888888888888888
1 0.02395833333333333 0.16111111111111112 0.04791666666666666 0.21666666666666667
8 0.30833333333333335 0.4824074074074074 0.0859375 0.17222222222222222
3 0.359375 0.5935185185185186 0.07864583333333333 0.175
8 0.27239583333333334 0.7138888888888889 0.10260416666666666 0.2101851851851852
