15 0.5609375 0.36944444444444446 0.1203125 0.12314814814814815
0 0.7578125 0.3175925925925926 0.05677083333333333 0.1527777777777778
1 0.06458333333333334 0.7027777777777777 0.0765625 0.262037037037037
2 0.2703125 0.28888888888888886 0.14166666666666666 0.4222222222222222
2 0.06393229166666667 0.8428240740740741 0.12786458333333334 0.31435185185185177
13 0.38385416666666666 0.6092592592592593 0.084375 0.1425925925925926
10 0.46927083333333336 0.35185185185185186 0.1265625 0.23981481481481481
0 0.28177083333333336 0.8037037037037037 0.1203125 0.2111111111111111
14 0.46458333333333335 0.29907407407407405 0.06979166666666667 0.10462962962962963
6 0.5166666666666667 0.5083333333333333 0.06979166666666667 0.10092592592592593
7 0.49114583333333334 0.3101851851851852 0.08385416666666666 0.15462962962962962
