7 0.8192708333333333 0.3851851851851852 0.10104166666666667 0.14074074074074075
2 0.134375 0.799537037037037 0.15 0.4009259259259259
0 0.9484375 0.06412037037037037 0.059375 0.12824074074074074
8 0.7666666666666667 0.022916666666666665 0.0625 0.04583333333333333
2 0.4203125 0.8180555555555555 0.15104166666666666 0.36388888888888893
1 0.26197916666666665 0.6166666666666667 0.1484375 0.16666666666666666
15 0.7796875 0.14907407407407408 0.075 0.12222222222222222
3 0.4947916666666667 0.06388888888888888 0.07447916666666667 0.11944444444444445
0 0.9712239583333333 0.5268518518518519 0.05755208333333328 0.22592592592592592
2 0.10572916666666667 0.25 0.15364583333333334 0.4212962962962963
