17 0.11666666666666667 0.40370370370370373 0.10104166666666667 0.1287037037037037
5 0.2734375 0.7861111111111111 0.08020833333333334 0.22037037037037038
8 0.33697916666666666 0.32314814814814813 0.1046875 0.20462962962962963
9 0.3203125 0.30462962962962964 0.06614583333333333 0.10833333333333334
13 0.2484375 0.5805555555555556 0.06875 0.11018518518518519
11 0.390625 0.8229166666666667 0.16354166666666667 0.35416666666666663
9 0.14895833333333333 0.8166666666666667 0.07604166666666666 0.15833333333333333
1 0.1734375 0.31574074074074077 0.08802083333333334 0.1388888888888889
11 0.37552083333333336 0.2796296296296296 0.1671875 0.47129629629629627
0 0.9135416666666667 0.8018518518518518 0.07395833333333333 0.19814814814814816
14 0.19479166666666667 0.5925925925925926 0.08125 0.11574074074074074
