13 0.14479166666666668 0.03009259259259259 0.08385416666666666 0.06018518518518518
11 0.95625 0.46574074074074073 0.08749999999999991 0.5009259259259259
0 0.5083333333333333 0.36018518518518516 0.06041666666666667 0.16296296296296298
14 0.13072916666666667 0.6564814814814814 0.07447916666666667 0.14907407407407408
0 0.3307291666666667 0.07847222222222222 0.06666666666666667 0.15694444444444444
13 0.3723958333333333 0.5731481481481482 0.09427083333333333 0.16944444444444445
2 0.07786458333333333 0.2 0.15572916666666667 0.4
11 0.4421875 0.7532407407407408 0.23229166666666667 0.49351851851851847
1 0.11458333333333333 0.12407407407407407 0.14010416666666667 0.18611111111111112
15 0.1203125 0.362962962962963 0.08489583333333334 0.14907407407407408
