10 0.39166666666666666 0.7083333333333334 0.10260416666666666 0.2675925925925926
7 0.4864583333333333 0.475 0.06979166666666667 0.08888888888888889
2 0.21197916666666666 0.3314814814814815 0.12916666666666668 0.41759259259259257
0 0.4171875 0.8666666666666667 0.06354166666666666 0.2490740740740741
3 0.45989583333333334 0.5398148148148149 0.071875 0.10740740740740741
11 0.2921875 0.5768518518518518 0.19375 0.6416666666666667
7 0.41458333333333336 0.5851851851851851 0.0953125 0.13518518518518519
6 0.28177083333333336 0.25833333333333336 0.05625 0.13703703703703704
11 0.196875 0.6583333333333333 0.165625 0.45925925925925926
15 0.5291666666666667 0.42314814814814816 0.0671875 0.09259259259259259
