6 0.4630208333333333 0.8592592592592593 0.04375 0.13333333333333333
2 0.9125 0.19236111111111112 0.17447916666666666 0.38472222222222224
5 0.3854166666666667 0.2361111111111111 0.08958333333333333 0.18888888888888888
13 0.30833333333333335 0.4601851851851852 0.07291666666666667 0.10277777777777777
5 0.3723958333333333 0.6296296296296297 0.10208333333333333 0.14351851851851852
11 0.7411458333333333 0.8090277777777778 0.21197916666666666 0.3819444444444444
5 0.4979166666666667 0.5166666666666667 0.0609375 0.11018518518518519
2 0.058984375 0.5555555555555556 0.11796875 0.5231481481481481
16 0.3375 0.023842592592592592 0.07291666666666667 0.047685185185185185
6 0.4588541666666667 0.6259259259259259 0.09791666666666667 0.11851851851851852
0 0.07239583333333334 0.49166666666666664 0.11041666666666666 0.16296296296296298
