15 0.69375 0.5907407407407408 0.07552083333333333 0.14166666666666666
6 0.6588541666666666 0.36203703703703705 0.11197916666666667 0.2518518518518518
0 0.24427083333333333 0.7453703703703703 0.10885416666666667 0.13148148148148148
0 0.6177083333333333 0.18611111111111112 0.11666666666666667 0.15462962962962962
2 0.209375 0.575925925925926 0.140625 0.42592592592592593
10 0.9140625 0.4777777777777778 0.13385416666666666 0.2657407407407407
4 0.6239583333333333 0.5398148148148149 0.09791666666666667 0.17314814814814813
2 0.1546875 0.1951388888888889 0.20833333333333334 0.3902777777777778
18 0.8901041666666667 0.40370370370370373 0.1015625 0.1361111111111111
13 0.809375 0.6185185185185185 0.0953125 0.13518518518518519
