2 0.525 0.46296296296296297 0.15520833333333334 0.44814814814814813
18 0.609375 0.5768518518518518 0.0734375 0.0962962962962963
9 0.6276041666666666 0.6861111111111111 0.07916666666666666 0.17407407407407408
0 0.036328125 0.11851851851851852 0.07265625 0.21388888888888888
0 0.9015625 0.5305555555555556 0.0703125 0.17037037037037037
7 0.771875 0.7592592592592593 0.0890625 0.11851851851851852
4 0.7427083333333333 0.47129629629629627 0.0859375 0.1527777777777778
11 0.6869791666666667 0.24259259259259258 0.14791666666666667 0.4537037037037037
0 0.21666666666666667 0.0650462962962963 0.07291666666666667 0.1300925925925926
9 0.6927083333333334 0.49722222222222223 0.08385416666666666 0.13148148148148148
2 0.4666666666666667 0.6027777777777777 0.14791666666666667 0.42962962962962964
