4 0.5994791666666667 0.6574074074074074 0.058854166666666666 0.1037037037037037
19 0.6416666666666667 0.687037037037037 0.11302083333333333 0.1527777777777778
4 0.5213541666666667 0.6611111111111111 0.08854166666666667 0.13425925925925927
0 0.9307291666666667 0.047453703703703706 0.06510416666666667 0.09490740740740741
11 0.6510416666666666 0.8157407407407407 0.190625 0.3685185185185186
2 0.5463541666666667 0.8384259259259259 0.14895833333333333 0.3231481481481482
12 0.5942708333333333 0.19444444444444445 0.0640625 0.08796296296296297
12 0.5015625 0.5148148148148148 0.06875 0.1259259259259259
0 0.7510416666666667 0.39166666666666666 0.07291666666666667 0.175
5 0.5515625 0.41759259259259257 0.06666666666666667 0.10925925925925926
