2 0.5114583333333333 0.6583333333333333 0.1984375 0.5342592592592592
2 0.6203125 0.7324074074074074 0.15677083333333333 0.4222222222222222
3 0.38958333333333334 0.5712962962962963 0.07239583333333334 0.09259259259259259
17 0.5208333333333334 0.8101851851851852 0.06666666666666667 0.13425925925925927
6 0.5083333333333333 0.0787037037037037 0.1015625 0.11666666666666667
12 0.5114583333333333 0.6518518518518519 0.10416666666666667 0.1527777777777778
1 0.6484375 0.04490740740740741 0.071875 0.08981481481481482
1 0.8989583333333333 0.7296296296296296 0.0734375 0.15185185185185185
11 0.7572916666666667 0.6601851851851852 0.19166666666666668 0.5074074074074074
12 0.5515625 0.6722222222222223 0.10364583333333334 0.14537037037037037
0 0.7177083333333333 0.1527777777777778 0.08020833333333334 0.2351851851851852
