12 0.44895833333333335 0.5731481481481482 0.06666666666666667 0.07777777777777778
11 0.051432291666666664 0.16736111111111113 0.10286458333333333 0.33472222222222225
3 0.2765625 0.5722222222222222 0.11302083333333333 0.15833333333333333
9 0.5234375 0.662962962962963 0.06614583333333333 0.15555555555555556
8 0.296875 0.8546296296296296 0.08229166666666667 0.11666666666666667
0 0.6713541666666667 0.4842592592592593 0.049479166666666664 0.2361111111111111
12 0.48333333333333334 0.6481481481481481 0.06927083333333334 0.12314814814814815
2 0.184375 0.524074074074074 0.18958333333333333 0.43425925925925923
11 0.08919270833333333 0.19444444444444445 0.17838541666666666 0.3888888888888889
15 0.3078125 0.6907407407407408 0.08072916666666667 0.12777777777777777
