9 0.4244791666666667 0.6175925925925926 0.10208333333333333 0.19814814814814816
3 0.45729166666666665 0.6916666666666667 0.07447916666666667 0.11203703703703703
13 0.4890625 0.4666666666666667 0.08072916666666667 0.11203703703703703
15 0.7666666666666667 0.7972222222222223 0.09947916666666666 0.2037037037037037
0 0.1921875 0.36944444444444446 0.0828125 0.17962962962962964
0 0.31979166666666664 0.649074074074074 0.11666666666666667 0.15462962962962962
19 0.44947916666666665 0.42777777777777776 0.13489583333333333 0.2740740740740741
10 0.346875 0.4824074074074074 0.0890625 0.14074074074074075
0 0.721875 0.7018518518518518 0.13802083333333334 0.32037037037037036
11 0.900390625 0.6037037037037037 0.19921875 0.49537037037037035
13 0.403125 0.4935185185185185 0.04895833333333333 0.0824074074074074
11 0.2546875 0.3472222222222222 0.146875 0.44907407407407407
