0 0.9833333333333334 0.8592592592592593 0.033333333333333326 0.1675925925925926
11 0.23229166666666667 0.22615740740740742 0.175 0.45231481481481484
0 0.27239583333333334 0.7027777777777777 0.07604166666666666 0.1648148148148148
18 0.6046875 0.6972222222222222 0.0515625 0.1037037037037037
18 0.3703125 0.5611111111111111 0.08958333333333333 0.1685185185185185
3 0.3890625 0.4305555555555556 0.09427083333333333 0.12129629629629629
9 0.34791666666666665 0.7546296296296297 0.09375 0.13148148148148148
2 0.5869791666666667 0.23055555555555557 0.13333333333333333 0.412962962962963
4 0.36770833333333336 0.46296296296296297 0.06458333333333334 0.08611111111111111
8 0.5427083333333333 0.32592592592592595 0.059375 0.1175925925925926
19 0.221875 0.30462962962962964 0.0765625 0.12407407407407407
