16 0.3385416666666667 0.7462962962962963 0.0515625 0.1
14 0.39895833333333336 0.7166666666666667 0.07864583333333333 0.08148148148148149
0 0.4114583333333333 0.2064814814814815 0.0859375 0.20185185185185187
9 0.2890625 0.549074074074074 0.07291666666666667 0.08333333333333333
13 0.384375 0.7203703703703703 0.052083333333333336 0.07777777777777778
6 0.4359375 0.7722222222222223 0.13177083333333334 0.15462962962962962
16 0.2864583333333333 0.812962962962963 0.1296875 0.20185185185185187
0 0.5864583333333333 0.5444444444444444 0.08645833333333333 0.16574074074074074
0 0.24479166666666666 0.16203703703703703 0.11822916666666666 0.23055555555555557
13 0.3416666666666667 0.7277777777777777 0.06770833333333333 0.10462962962962963
