14 0.45729166666666665 0.040740740740740744 0.06979166666666667 0.08148148148148149
2 0.09114583333333333 0.8872685185185185 0.17083333333333334 0.22546296296296298
6 0.36614583333333334 0.17962962962962964 0.10885416666666667 0.1638888888888889
5 0.2552083333333333 0.17962962962962964 0.071875 0.1648148148148148
7 0.365625 0.5611111111111111 0.084375 0.1
2 0.2875 0.4759259259259259 0.15572916666666667 0.44074074074074077
3 0.175 0.7268518518518519 0.10729166666666666 0.1398148148148148
10 0.48333333333333334 0.11689814814814815 0.128125 0.2337962962962963
16 0.35 0.2861111111111111 0.07239583333333334 0.15185185185185185
0 0.6869791666666667 0.8425925925925926 0.12447916666666667 0.23796296296296296
