3 0.5276041666666667 0.7296296296296296 0.06302083333333333 0.19537037037037036
14 0.675 0.17037037037037037 0.05 0.08611111111111111
6 0.4921875 0.7166666666666667 0.14895833333333333 0.2537037037037037
11 0.05755208333333334 0.2224537037037037 0.11510416666666667 0.4449074074074074
8 0.621875 0.4064814814814815 0.1046875 0.16944444444444445
11 0.2713541666666667 0.6064814814814815 0.16354166666666667 0.6092592592592593
2 0.9477864583333333 0.8168981481481482 0.10442708333333328 0.3662037037037036
18 0.3671875 0.575 0.08072916666666667 0.1175925925925926
0 0.28229166666666666 0.33796296296296297 0.0734375 0.2222222222222222
14 0.625 0.46111111111111114 0.0828125 0.19722222222222222
