2 0.03828125 0.6888888888888889 0.0765625 0.38981481481481484
9 0.8119791666666667 0.6916666666666667 0.06041666666666667 0.15648148148148147
13 0.7182291666666667 0.5092592592592593 0.06875 0.11481481481481481
8 0.5817708333333333 0.30833333333333335 0.1109375 0.16018518518518518
2 0.43645833333333334 0.7645833333333333 0.15833333333333333 0.47083333333333344
17 0.7260416666666667 0.9340277777777778 0.10364583333333334 0.13194444444444442
13 0.603125 0.5564814814814815 0.109375 0.16203703703703703
5 0.5421875 0.3398148148148148 0.103125 0.25277777777777777
0 0.9598958333333334 0.287962962962963 0.08020833333333333 0.18981481481481483
1 0.6104166666666667 0.19814814814814816 0.05677083333333333 0.22685185185185186
8 0.7067708333333333 0.3074074074074074 0.05625 0.1175925925925926
0 0.9338541666666667 0.2962962962962963 0.07552083333333333 0.13333333333333333
