10 0.49583333333333335 0.5888888888888889 0.15104166666666666 0.16944444444444445
3 0.5328125 0.6435185185185185 0.0921875 0.125
5 0.39427083333333335 0.5064814814814815 0.06458333333333334 0.0962962962962963
15 0.45729166666666665 0.37407407407407406 0.13333333333333333 0.2361111111111111
12 0.46145833333333336 0.4212962962962963 0.05364583333333333 0.125
11 0.4265625 0.1224537037037037 0.17552083333333332 0.2449074074074074
1 0.878125 0.1175925925925926 0.04583333333333333 0.075
5 0.4171875 0.7712962962962963 0.0671875 0.12314814814814815
2 0.7744791666666667 0.19675925925925924 0.1625 0.3935185185185185
1 0.7432291666666667 0.4787037037037037 0.0796875 0.10740740740740741
