15 0.790625 0.937962962962963 0.1125 0.10555555555555556
0 0.8848958333333333 0.11851851851851852 0.04791666666666667 0.1925925925925926
2 0.07578125 0.8196759259259259 0.1515625 0.36064814814814816
1 0.4125 0.5351851851851852 0.05677083333333333 0.11574074074074074
2 0.29270833333333335 0.8071759259259259 0.1875 0.3856481481481482
8 0.7427083333333333 0.49907407407407406 0.06302083333333333 0.1259259259259259
1 0.478125 0.2759259259259259 0.128125 0.12962962962962962
4 0.6359375 0.3990740740740741 0.07083333333333333 0.10740740740740741
17 0.45416666666666666 0.6555555555555556 0.0515625 0.1037037037037037
8 0.6203125 0.6166666666666667 0.08958333333333333 0.19166666666666668
11 0.9505208333333334 0.16111111111111112 0.09895833333333326 0.32222222222222224
14 0.6973958333333333 0.48518518518518516 0.05 0.07685185185185185
