4 0.5822916666666667 0.5 0.11458333333333333 0.17407407407407408
0 0.7020833333333333 0.20555555555555555 0.08072916666666667 0.2
2 0.7276041666666667 0.40370370370370373 0.13333333333333333 0.4212962962962963
13 0.4041666666666667 0.1527777777777778 0.0984375 0.2111111111111111
10 0.4984375 0.5546296296296296 0.17083333333333334 0.2537037037037037
3 0.36666666666666664 0.5777777777777777 0.08697916666666666 0.1675925925925926
11 0.9213541666666667 0.1763888888888889 0.1572916666666666 0.3527777777777778
10 0.475 0.5037037037037037 0.10208333333333333 0.23055555555555557
0 0.1109375 0.49907407407407406 0.0625 0.1925925925925926
12 0.49322916666666666 0.45092592592592595 0.06458333333333334 0.11851851851851852
6 0.46822916666666664 0.5009259259259259 0.0828125 0.1175925925925926
2 0.9575520833333333 0.8282407407407407 0.08489583333333328 0.34351851851851856
0 0.17708333333333334 0.5231481481481481 0.065625 0.27870370370370373
