15 0.7140625 0.5361111111111111 0.11770833333333333 0.22407407407407406
4 0.4864583333333333 0.6722222222222223 0.1078125 0.1574074074074074
0 0.6489583333333333 0.8277777777777777 0.11041666666666666 0.21851851851851853
18 0.6973958333333333 0.48055555555555557 0.096875 0.13240740740740742
5 0.5911458333333334 0.20833333333333334 0.10208333333333333 0.17222222222222222
9 0.36875 0.4648148148148148 0.0703125 0.09351851851851851
0 0.5994791666666667 0.35555555555555557 0.06041666666666667 0.1925925925925926
2 0.209375 0.794212962962963 0.165625 0.4115740740740741
10 0.475 0.49907407407407406 0.11822916666666666 0.1675925925925926
2 0.6994791666666667 0.3685185185185185 0.18229166666666666 0.475
