18 0.6177083333333333 0.6416666666666667 0.09479166666666666 0.18888888888888888
2 0.23697916666666666 0.8060185185185185 0.15520833333333334 0.38796296296296295
11 0.078125 0.7560185185185185 0.15416666666666667 0.48796296296296293
10 0.6546875 0.5453703703703704 0.09635416666666667 0.1287037037037037
2 0.9270833333333333 0.7685185185185185 0.14583333333333337 0.462962962962963
9 0.5927083333333333 0.6851851851851852 0.10364583333333334 0.1537037037037037
5 0.7015625 0.8907407407407407 0.07916666666666666 0.1814814814814815
10 0.6661458333333333 0.575925925925926 0.08072916666666667 0.17222222222222222
0 0.38697916666666665 0.8953703703703704 0.1515625 0.20925925925925926
9 0.4765625 0.6111111111111112 0.08541666666666667 0.14814814814814814
15 0.8125 0.6462962962962963 0.0609375 0.11851851851851852
