14 0.4739583333333333 0.2657407407407407 0.0765625 0.13703703703703704
15 0.6671875 0.4638888888888889 0.11354166666666667 0.2037037037037037
9 0.6708333333333333 0.8953703703703704 0.058854166666666666 0.12314814814814815
0 0.1796875 0.37407407407407406 0.09010416666666667 0.28425925925925927
11 0.7666666666666667 0.7953703703703704 0.15052083333333333 0.40925925925925927
4 0.6890625 0.5361111111111111 0.11302083333333333 0.17777777777777778
1 0.01705729166666667 0.737037037037037 0.03411458333333334 0.09722222222222222
2 0.896875 0.1423611111111111 0.16197916666666667 0.2847222222222222
0 0.5625 0.7064814814814815 0.071875 0.1935185185185185
3 0.5927083333333333 0.6166666666666667 0.05572916666666667 0.12037037037037036
