18 0.16614583333333333 0.37037037037037035 0.07135416666666666 0.10833333333333334
2 0.5473958333333333 0.5481481481481482 0.17083333333333334 0.4388888888888889
0 0.6135416666666667 0.9400462962962963 0.08854166666666667 0.11990740740740735
11 0.396875 0.6305555555555555 0.15833333333333333 0.5296296296296297
8 0.14322916666666666 0.3425925925925926 0.07916666666666666 0.12222222222222222
11 0.39739583333333334 0.7918981481481482 0.20260416666666667 0.41620370370370374
15 0.1265625 0.7185185185185186 0.08072916666666667 0.14537037037037037
10 0.32395833333333335 0.27314814814814814 0.10416666666666667 0.09722222222222222
13 0.384375 0.6027777777777777 0.049479166666666664 0.08425925925925926
8 0.3463541666666667 0.6212962962962963 0.12552083333333333 0.17777777777777778
