9 0.728125 0.7018518518518518 0.0859375 0.1648148148148148
13 0.5822916666666667 0.5324074074074074 0.096875 0.16296296296296298
2 0.246875 0.4046296296296296 0.15625 0.6453703703703704
13 0.4421875 0.5768518518518518 0.0734375 0.12777777777777777
7 0.5411458333333333 0.4111111111111111 0.0703125 0.12314814814814815
0 0.47291666666666665 0.48333333333333334 0.06770833333333333 0.2212962962962963
9 0.609375 0.3416666666666667 0.08645833333333333 0.17777777777777778
14 0.7401041666666667 0.5472222222222223 0.08958333333333333 0.2222222222222222
0 0.8458333333333333 0.4962962962962963 0.1234375 0.21944444444444444
0 0.43802083333333336 0.35462962962962963 0.07447916666666667 0.1685185185185185
2 0.509375 0.35555555555555557 0.15104166666666666 0.44074074074074077
14 0.659375 0.6962962962962963 0.0984375 0.18888888888888888
