8 0.2984375 0.5611111111111111 0.07864583333333333 0.1537037037037037
6 0.04947916666666667 0.7981481481481482 0.09895833333333334 0.18703703703703703
9 0.25625 0.712037037037037 0.046875 0.09166666666666666
0 0.45729166666666665 0.18425925925925926 0.06822916666666666 0.24537037037037038
9 0.028515625 0.5027777777777778 0.05703125 0.15092592592592594
11 0.12604166666666666 0.22175925925925927 0.14791666666666667 0.44351851851851853
0 0.5557291666666667 0.11041666666666666 0.1421875 0.22083333333333333
0 0.3416666666666667 0.20277777777777778 0.06979166666666667 0.17222222222222222
9 0.19947916666666668 0.637962962962963 0.08177083333333333 0.14907407407407408
12 0.19114583333333332 0.3611111111111111 0.0609375 0.15648148148148147
