16 0.6604166666666667 0.4564814814814815 0.12135416666666667 0.15185185185185185
11 0.26458333333333334 0.856712962962963 0.14427083333333332 0.2865740740740741
3 0.7208333333333333 0.600925925925926 0.06927083333333334 0.1712962962962963
4 0.6932291666666667 0.6731481481481482 0.10729166666666666 0.1962962962962963
0 0.3390625 0.09375 0.06614583333333333 0.1875
17 0.6796875 0.49444444444444446 0.09947916666666666 0.17314814814814813
15 0.6953125 0.5092592592592593 0.09635416666666667 0.14537037037037037
1 0.6104166666666667 0.4101851851851852 0.10208333333333333 0.11018518518518519
0 0.7520833333333333 0.37777777777777777 0.08854166666666667 0.21944444444444444
5 0.5421875 0.6796296296296296 0.06458333333333334 0.09722222222222222
5 0.7052083333333333 0.4203703703703704 0.0953125 0.24444444444444444
