11 0.6953125 0.2361111111111111 0.17864583333333334 0.44351851851851853
18 0.625 0.2953703703703704 0.08489583333333334 0.16018518518518518
0 0.8078125 0.2833333333333333 0.09010416666666667 0.17037037037037037
16 0.7661458333333333 0.7277777777777777 0.042708333333333334 0.07592592592592592
4 0.5010416666666667 0.43703703703703706 0.06302083333333333 0.11018518518518519
0 0.609375 0.35833333333333334 0.1390625 0.21851851851851853
12 0.6864583333333333 0.49166666666666664 0.059895833333333336 0.075
11 0.09895833333333333 0.3351851851851852 0.15729166666666666 0.44074074074074077
17 0.6307291666666667 0.4722222222222222 0.06875 0.10555555555555556
2 0.6625 0.5046296296296297 0.19322916666666667 0.48518518518518516
10 0.5385416666666667 0.059722222222222225 0.14114583333333333 0.11944444444444445
