4 0.3416666666666667 0.14074074074074075 0.06041666666666667 0.0787037037037037
7 0.46927083333333336 0.20833333333333334 0.07916666666666666 0.2037037037037037
3 0.5359375 0.5287037037037037 0.04635416666666667 0.11296296296296296
1 0.30833333333333335 0.35 0.09114583333333333 0.15185185185185185
1 0.43385416666666665 0.6064814814814815 0.09114583333333333 0.14722222222222223
12 0.5723958333333333 0.5685185185185185 0.09635416666666667 0.13796296296296295
0 0.2786458333333333 0.8462962962962963 0.07604166666666666 0.1935185185185185
4 0.425 0.16203703703703703 0.08020833333333334 0.1
13 0.6291666666666667 0.3175925925925926 0.05625 0.10277777777777777
12 0.5776041666666667 0.4842592592592593 0.10260416666666666 0.14166666666666666
