11 0.15 0.2726851851851852 0.1875 0.5453703703703704
0 0.9661458333333333 0.07546296296296295 0.06770833333333337 0.1509259259259259
6 0.7520833333333333 0.33055555555555555 0.14947916666666666 0.2675925925925926
0 0.8729166666666667 0.7379629629629629 0.08645833333333333 0.13425925925925927
4 0.6140625 0.42685185185185187 0.07395833333333333 0.1287037037037037
7 0.5828125 0.28425925925925927 0.06197916666666667 0.14907407407407408
12 0.6125 0.46944444444444444 0.09635416666666667 0.12777777777777777
11 0.18854166666666666 0.28935185185185186 0.15729166666666666 0.5787037037037037
1 0.6484375 0.5222222222222223 0.1171875 0.13796296296296295
6 0.6265625 0.09259259259259259 0.1015625 0.11018518518518519
11 0.22760416666666666 0.6601851851851852 0.165625 0.6101851851851852
15 0.7619791666666667 0.15555555555555556 0.12916666666666668 0.12314814814814815
