12 0.6291666666666667 0.23796296296296296 0.09739583333333333 0.15185185185185185
9 0.5838541666666667 0.4935185185185185 0.07395833333333333 0.1398148148148148
17 0.9005208333333333 0.5814814814814815 0.06875 0.10277777777777777
2 0.17864583333333334 0.6148148148148148 0.17447916666666666 0.5462962962962963
15 0.746875 0.5601851851851852 0.09895833333333333 0.22962962962962963
3 0.7729166666666667 0.5611111111111111 0.09479166666666666 0.14074074074074075
0 0.0359375 0.9425925925925926 0.071875 0.11481481481481481
0 0.39010416666666664 0.4583333333333333 0.07552083333333333 0.19074074074074074
2 0.058333333333333334 0.6425925925925926 0.11666666666666667 0.4722222222222222
2 0.5796875 0.7768518518518519 0.209375 0.4462962962962963
14 0.6697916666666667 0.4222222222222222 0.07916666666666666 0.12777777777777777
