2 0.9161458333333333 0.29074074074074074 0.1328125 0.4166666666666667
0 0.33645833333333336 0.10925925925925926 0.07916666666666666 0.2074074074074074
11 0.7151041666666667 0.3333333333333333 0.19583333333333333 0.5388888888888889
19 0.6942708333333333 0.06435185185185185 0.10729166666666666 0.1287037037037037
19 0.7723958333333333 0.7240740740740741 0.15104166666666666 0.24259259259259258
0 0.5744791666666667 0.5407407407407407 0.06927083333333334 0.18981481481481483
11 0.080859375 0.30462962962962964 0.16171875 0.5888888888888889
6 0.490625 0.44537037037037036 0.13072916666666667 0.27685185185185185
14 0.7713541666666667 0.33425925925925926 0.06354166666666666 0.09259259259259259
7 0.7203125 0.39166666666666666 0.05 0.08981481481481482
6 0.6057291666666667 0.3490740740740741 0.09583333333333334 0.18055555555555555
7 0.740625 0.09814814814814815 0.05364583333333333 0.09537037037037037
