2 0.31614583333333335 0.512962962962963 0.14375 0.5166666666666667
1 0.6390625 0.44351851851851853 0.06770833333333333 0.12685185185185185
0 0.7520833333333333 0.8 0.0984375 0.2
0 0.32916666666666666 0.8844907407407407 0.07916666666666666 0.2310185185185185
3 0.24947916666666667 0.4546296296296296 0.10625 0.13240740740740742
13 0.4119791666666667 0.5314814814814814 0.0953125 0.18981481481481483
18 0.17291666666666666 0.37777777777777777 0.05677083333333333 0.10277777777777777
15 0.2234375 0.936574074074074 0.14010416666666667 0.12685185185185188
11 0.7765625 0.7125 0.159375 0.575
11 0.05325520833333333 0.856712962962963 0.10651041666666666 0.2865740740740741
