3 0.4859375 0.462037037037037 0.10260416666666666 0.18888888888888888
0 0.83125 0.9342592592592593 0.11510416666666666 0.13148148148148142
15 0.4083333333333333 0.5351851851851852 0.06041666666666667 0.13796296296296295
3 0.1921875 0.29259259259259257 0.0609375 0.08703703703703704
11 0.7932291666666667 0.18564814814814815 0.1546875 0.3712962962962963
18 0.47291666666666665 0.35 0.06302083333333333 0.09444444444444444
7 0.415625 0.8453703703703703 0.07760416666666667 0.14907407407407408
1 0.18854166666666666 0.9421296296296297 0.0609375 0.1157407407407407
10 0.3828125 0.42407407407407405 0.06041666666666667 0.13518518518518519
0 0.825 0.8685185185185185 0.07916666666666666 0.18518518518518517
14 0.15260416666666668 0.30277777777777776 0.10208333333333333 0.15462962962962962
11 0.03723958333333333 0.3509259259259259 0.07447916666666667 0.4074074074074074
