11 0.9514322916666667 0.3787037037037037 0.09713541666666659 0.4787037037037037
8 0.7109375 0.44074074074074077 0.09322916666666667 0.18796296296296297
0 0.25885416666666666 0.34814814814814815 0.15416666666666667 0.28425925925925927
6 0.7203125 0.6268518518518519 0.0671875 0.1361111111111111
2 0.0796875 0.6798611111111111 0.159375 0.6402777777777777
4 0.665625 0.30925925925925923 0.096875 0.13148148148148148
1 0.2989583333333333 0.37037037037037035 0.12447916666666667 0.23981481481481481
0 0.9756510416666666 0.7574074074074074 0.048697916666666674 0.14351851851851852
12 0.33958333333333335 0.6648148148148149 0.07135416666666666 0.16666666666666666
16 0.6807291666666667 0.5509259259259259 0.059895833333333336 0.11296296296296296
16 0.7510416666666667 0.6518518518518519 0.050520833333333334 0.07685185185185185
