2 0.6463541666666667 0.8252314814814814 0.19427083333333334 0.3495370370370371
11 0.9209635416666666 0.8118055555555556 0.15807291666666667 0.3763888888888889
0 0.7380208333333333 0.6157407407407407 0.08645833333333333 0.19722222222222222
4 0.5197916666666667 0.28888888888888886 0.07708333333333334 0.14166666666666666
0 0.2921875 0.07916666666666666 0.08177083333333333 0.15833333333333333
11 0.14635416666666667 0.7453703703703703 0.17447916666666666 0.4861111111111111
1 0.1765625 0.6657407407407407 0.06197916666666667 0.13055555555555556
8 0.2875 0.2953703703703704 0.0765625 0.10277777777777777
17 0.1828125 0.6361111111111111 0.06770833333333333 0.125
10 0.5177083333333333 0.36203703703703705 0.15364583333333334 0.20555555555555555
3 0.41770833333333335 0.7444444444444445 0.07395833333333333 0.1287037037037037
