3 0.7713541666666667 0.3425925925925926 0.10885416666666667 0.14351851851851852
0 0.5104166666666666 0.8831018518518519 0.11510416666666666 0.23379629629629628
11 0.38697916666666665 0.15185185185185185 0.1890625 0.3037037037037037
10 0.8932291666666666 0.4824074074074074 0.07239583333333334 0.11944444444444445
12 0.8192708333333333 0.6638888888888889 0.11354166666666667 0.15833333333333333
5 0.796875 0.5120370370370371 0.0625 0.10648148148148148
11 0.1625 0.5444444444444444 0.1828125 0.47962962962962963
6 0.8666666666666667 0.11898148148148148 0.10729166666666666 0.23796296296296296
0 0.590625 0.29907407407407405 0.0765625 0.21666666666666667
2 0.3140625 0.5851851851851851 0.17604166666666668 0.46296296296296297
17 0.6807291666666667 0.7231481481481481 0.08385416666666666 0.14074074074074075
5 0.8276041666666667 0.7898148148148149 0.06510416666666667 0.12407407407407407
