14 0.1859375 0.07685185185185185 0.0609375 0.09814814814814815
3 0.09791666666666667 0.3990740740740741 0.046875 0.08055555555555556
10 0.228125 0.3925925925925926 0.11197916666666667 0.1259259259259259
0 0.03229166666666667 0.8296296296296296 0.05364583333333333 0.17407407407407408
16 0.1296875 0.26851851851851855 0.10885416666666667 0.19444444444444445
13 0.2838541666666667 0.6027777777777777 0.07395833333333333 0.11388888888888889
8 0.2046875 0.4027777777777778 0.0625 0.14074074074074075
0 0.13697916666666668 0.10833333333333334 0.08958333333333333 0.15185185185185185
13 0.43645833333333334 0.6351851851851852 0.12552083333333333 0.225
0 0.7578125 0.22314814814814815 0.12864583333333332 0.19074074074074074
