0 0.71875 0.8740740740740741 0.0984375 0.20185185185185187
3 0.2677083333333333 0.362962962962963 0.07708333333333334 0.09537037037037037
5 0.39479166666666665 0.7870370370370371 0.075 0.14814814814814814
2 0.1875 0.4222222222222222 0.17083333333333334 0.6314814814814815
8 0.371875 0.4 0.09947916666666666 0.17037037037037037
0 0.39114583333333336 0.05439814814814815 0.08645833333333333 0.1087962962962963
2 0.5828125 0.4527777777777778 0.18541666666666667 0.6027777777777777
3 0.26145833333333335 0.8018518518518518 0.06614583333333333 0.12314814814814815
8 0.2609375 0.4212962962962963 0.09166666666666666 0.14629629629629629
2 0.6338541666666667 0.3990740740740741 0.15260416666666668 0.637962962962963
