17 0.271875 0.15648148148148147 0.07447916666666667 0.12129629629629629
17 0.42604166666666665 0.6592592592592592 0.11145833333333334 0.2740740740740741
0 0.9140625 0.03611111111111111 0.08802083333333334 0.07222222222222222
0 0.3854166666666667 0.21388888888888888 0.11041666666666666 0.22037037037037038
12 0.353125 0.5120370370370371 0.052083333333333336 0.11851851851851852
4 0.221875 0.3296296296296296 0.06302083333333333 0.08148148148148149
17 0.396875 0.3194444444444444 0.06145833333333333 0.12037037037037036
10 0.2453125 0.3824074074074074 0.14166666666666666 0.2212962962962963
0 0.5260416666666666 0.10717592592592592 0.08072916666666667 0.21435185185185185
18 0.3619791666666667 0.02847222222222222 0.06822916666666666 0.05694444444444444
