2 0.825 0.756712962962963 0.1703125 0.48657407407407405
11 0.43125 0.5666666666666667 0.15729166666666666 0.44537037037037036
12 0.6208333333333333 0.38796296296296295 0.044270833333333336 0.08703703703703704
1 0.0984375 0.7638888888888888 0.11875 0.16574074074074074
11 0.3416666666666667 0.5972222222222222 0.17604166666666668 0.5962962962962963
3 0.528125 0.55 0.0859375 0.14166666666666666
1 0.9619791666666666 0.9326388888888888 0.07604166666666667 0.1347222222222223
8 0.5432291666666667 0.2861111111111111 0.1421875 0.23981481481481481
17 0.5859375 0.44074074074074077 0.07916666666666666 0.11944444444444445
13 0.3645833333333333 0.5574074074074075 0.05677083333333333 0.08425925925925926
12 0.7895833333333333 0.18425925925925926 0.0875 0.1037037037037037
