1 0.5890625 0.7861111111111111 0.10729166666666666 0.2388888888888889
7 0.6270833333333333 0.3962962962962963 0.08541666666666667 0.15
17 0.5473958333333333 0.6648148148148149 0.17291666666666666 0.30925925925925923
12 0.4864583333333333 0.5083333333333333 0.08802083333333334 0.12407407407407407
0 0.28125 0.4675925925925926 0.051041666666666666 0.20277777777777778
7 0.6135416666666667 0.362962962962963 0.0953125 0.17222222222222222
18 0.5911458333333334 0.325 0.06197916666666667 0.0962962962962963
16 0.5416666666666666 0.5333333333333333 0.059895833333333336 0.10462962962962963
12 0.7296875 0.35648148148148145 0.06510416666666667 0.12777777777777777
11 0.6838541666666667 0.35833333333333334 0.24739583333333334 0.612037037037037
