12 0.7442708333333333 0.3675925925925926 0.07760416666666667 0.1037037037037037
4 0.7651041666666667 0.5074074074074074 0.06197916666666667 0.08981481481481482
8 0.7546875 0.6351851851851852 0.0890625 0.125
16 0.7333333333333333 0.18425925925925926 0.058854166666666666 0.1175925925925926
2 0.08645833333333333 0.8185185185185185 0.1546875 0.36296296296296293
0 0.7229166666666667 0.09375 0.071875 0.1875
2 0.15989583333333332 0.2675925925925926 0.16770833333333332 0.4888888888888889
2 0.12135416666666667 0.6231481481481481 0.15260416666666668 0.6564814814814814
0 0.07447916666666667 0.05092592592592592 0.08958333333333333 0.10185185185185185
3 0.84375 0.24814814814814815 0.05677083333333333 0.15648148148148147
