0 0.5739583333333333 0.6685185185185185 0.14427083333333332 0.2
10 0.5989583333333334 0.4638888888888889 0.121875 0.19814814814814816
10 0.5546875 0.6314814814814815 0.08229166666666667 0.13333333333333333
1 0.6697916666666667 0.40925925925925927 0.1265625 0.17777777777777778
15 0.38177083333333334 0.5324074074074074 0.1203125 0.20925925925925926
11 0.37552083333333336 0.8479166666666667 0.1765625 0.3041666666666667
16 0.43072916666666666 0.4462962962962963 0.0984375 0.17407407407407408
0 0.328125 0.5648148148148148 0.11614583333333334 0.2175925925925926
8 0.6510416666666666 0.2916666666666667 0.07395833333333333 0.11388888888888889
8 0.603125 0.9759259259259259 0.05520833333333333 0.04814814814814816
16 0.6067708333333334 0.7342592592592593 0.053125 0.10648148148148148
