18 0.74375 0.2722222222222222 0.0671875 0.10555555555555556
12 0.6651041666666667 0.12222222222222222 0.07239583333333334 0.09166666666666666
0 0.9561197916666666 0.19166666666666668 0.08776041666666667 0.2490740740740741
6 0.8572916666666667 0.5194444444444445 0.0453125 0.09074074074074075
10 0.74375 0.34074074074074073 0.10677083333333333 0.15648148148148147
11 0.4625 0.7800925925925926 0.14895833333333333 0.43981481481481477
11 0.12604166666666666 0.31574074074074077 0.16041666666666668 0.4638888888888889
2 0.3260416666666667 0.8377314814814815 0.14375 0.32453703703703707
6 0.7671875 0.4759259259259259 0.096875 0.14351851851851852
3 0.6828125 0.8240740740740741 0.052083333333333336 0.1259259259259259
