13 0.7692708333333333 0.6583333333333333 0.06510416666666667 0.13333333333333333
2 0.6557291666666667 0.6148148148148148 0.1734375 0.4638888888888889
0 0.3265625 0.24814814814814815 0.08385416666666666 0.22685185185185186
13 0.8145833333333333 0.725925925925926 0.05677083333333333 0.1
0 0.8114583333333333 0.9488425925925925 0.11197916666666667 0.10231481481481486
3 0.6489583333333333 0.41759259259259257 0.03958333333333333 0.09722222222222222
15 0.6875 0.7287037037037037 0.109375 0.1648148148148148
10 0.6776041666666667 0.17685185185185184 0.14479166666666668 0.21666666666666667
5 0.6828125 0.30648148148148147 0.057291666666666664 0.15833333333333333
18 0.5817708333333333 0.4787037037037037 0.07083333333333333 0.1388888888888889
11 0.7760416666666666 0.3907407407407407 0.17447916666666666 0.6111111111111112
