0 0.6296875 0.05694444444444444 0.09479166666666666 0.11388888888888889
16 0.2838541666666667 0.5287037037037037 0.0625 0.11388888888888889
10 0.3145833333333333 0.7925925925925926 0.07447916666666667 0.13333333333333333
19 0.5005208333333333 0.41574074074074074 0.09895833333333333 0.22962962962962963
4 0.4744791666666667 0.5527777777777778 0.09739583333333333 0.15555555555555556
0 0.5234375 0.5925925925925926 0.05416666666666667 0.16203703703703703
6 0.28229166666666666 0.6703703703703704 0.1 0.16666666666666666
10 0.3333333333333333 0.8851851851851852 0.10729166666666666 0.21574074074074073
11 0.5458333333333333 0.637962962962963 0.153125 0.5796296296296296
1 0.058984375 0.8212962962962963 0.11796875 0.2462962962962963
