0 0.7765625 0.5453703703703704 0.0984375 0.17314814814814813
12 0.5395833333333333 0.5398148148148149 0.0578125 0.16203703703703703
9 0.46822916666666664 0.12129629629629629 0.06822916666666666 0.11203703703703703
2 0.060156249999999994 0.13726851851851854 0.12031249999999999 0.2745370370370371
2 0.6911458333333333 0.20856481481481481 0.18802083333333333 0.41712962962962963
0 0.8239583333333333 0.7324074074074074 0.11145833333333334 0.27685185185185185
10 0.5869791666666667 0.34814814814814815 0.0765625 0.18796296296296297
0 0.5067708333333333 0.888425925925926 0.1203125 0.2231481481481482
9 0.571875 0.48148148148148145 0.09947916666666666 0.18888888888888888
16 0.6369791666666667 0.39166666666666666 0.1046875 0.18425925925925926
