4 0.6489583333333333 0.6851851851851852 0.10885416666666667 0.1527777777777778
6 0.6151041666666667 0.5425925925925926 0.15104166666666666 0.2388888888888889
0 0.14947916666666666 0.37037037037037035 0.0671875 0.21574074074074073
1 0.2552083333333333 0.7305555555555555 0.0765625 0.19907407407407407
11 0.8838541666666667 0.7293981481481482 0.15260416666666668 0.5412037037037037
13 0.35885416666666664 0.2490740740740741 0.11822916666666666 0.22962962962962963
8 0.6192708333333333 0.9453703703703704 0.07708333333333334 0.10925925925925928
2 0.2791666666666667 0.17430555555555555 0.13802083333333334 0.3486111111111111
12 0.5979166666666667 0.5851851851851851 0.08020833333333334 0.13055555555555556
7 0.5151041666666667 0.9356481481481482 0.125 0.12870370370370365
0 0.5625 0.8324074074074074 0.052083333333333336 0.2064814814814815
15 0.528125 0.32037037037037036 0.10677083333333333 0.19444444444444445
2 0.071875 0.17662037037037037 0.14375 0.35324074074074074
