1 0.41510416666666666 0.15648148148148147 0.075 0.22962962962962963
2 0.055859374999999996 0.4046296296296296 0.11171874999999999 0.462037037037037
2 0.13854166666666667 0.18680555555555556 0.1265625 0.3736111111111111
16 0.3328125 0.6074074074074074 0.071875 0.15185185185185185
4 0.4109375 0.175 0.08489583333333334 0.1814814814814815
5 0.2947916666666667 0.7787037037037037 0.09635416666666667 0.14351851851851852
17 0.47552083333333334 0.524074074074074 0.06927083333333334 0.08148148148148149
15 0.31927083333333334 0.362962962962963 0.11458333333333333 0.18611111111111112
6 0.1453125 0.5925925925925926 0.08541666666666667 0.09444444444444444
10 0.39791666666666664 0.4527777777777778 0.09114583333333333 0.1527777777777778
0 0.14895833333333333 0.33055555555555555 0.103125 0.2361111111111111
