0 0.9555989583333333 0.2851851851851852 0.08880208333333328 0.15185185185185185
0 0.28541666666666665 0.39537037037037037 0.0734375 0.20555555555555555
7 0.09791666666666667 0.41203703703703703 0.09635416666666667 0.21851851851851853
6 0.5572916666666666 0.6370370370370371 0.10885416666666667 0.17222222222222222
3 0.15572916666666667 0.39537037037037037 0.04479166666666667 0.08425925925925926
17 0.23697916666666666 0.44537037037037036 0.07083333333333333 0.13518518518518519
16 0.26510416666666664 0.7 0.075 0.11481481481481481
0 0.2015625 0.1361111111111111 0.09479166666666666 0.15555555555555556
15 0.36614583333333334 0.44351851851851853 0.07708333333333334 0.12962962962962962
13 0.05625 0.5518518518518518 0.090625 0.1425925925925926
