0 0.378125 0.06643518518518518 0.0578125 0.13287037037037036
6 0.7046875 0.43796296296296294 0.10104166666666667 0.16944444444444445
0 0.728125 0.9421296296296297 0.0734375 0.1157407407407407
0 0.7442708333333333 0.08703703703703704 0.08125 0.17407407407407408
4 0.39427083333333335 0.4759259259259259 0.1203125 0.17222222222222222
9 0.5208333333333334 0.712037037037037 0.08229166666666667 0.13703703703703704
11 0.65 0.27685185185185185 0.16979166666666667 0.5074074074074074
4 0.5942708333333333 0.5731481481481482 0.11927083333333334 0.19444444444444445
12 0.6 0.8425925925925926 0.08385416666666666 0.19444444444444445
11 0.2234375 0.46944444444444444 0.15 0.46296296296296297
16 0.47291666666666665 0.3907407407407407 0.059375 0.12314814814814815
11 0.6911458333333333 0.5703703703703704 0.15 0.42685185185185187
10 0.5302083333333333 0.7574074074074074 0.11614583333333334 0.20462962962962963
