8 0.31979166666666664 0.43796296296296294 0.08541666666666667 0.10740740740740741
19 0.45625 0.3175925925925926 0.1328125 0.27037037037037037
11 0.955859375 0.8516203703703704 0.08828124999999998 0.2967592592592593
4 0.49947916666666664 0.4425925925925926 0.058333333333333334 0.1
2 0.36041666666666666 0.39537037037037037 0.19427083333333334 0.46944444444444444
0 0.2890625 0.5592592592592592 0.06770833333333333 0.17685185185185184
4 0.22916666666666666 0.26296296296296295 0.08541666666666667 0.20092592592592592
6 0.2921875 0.5842592592592593 0.0453125 0.1
9 0.34270833333333334 0.6194444444444445 0.07135416666666666 0.10185185185185185
13 0.4328125 0.47685185185185186 0.10625 0.1388888888888889
