19 0.7088541666666667 0.6240740740740741 0.09739583333333333 0.2490740740740741
9 0.6052083333333333 0.7638888888888888 0.15885416666666666 0.2351851851851852
0 0.7489583333333333 0.09166666666666666 0.0921875 0.14351851851851852
12 0.5838541666666667 0.2796296296296296 0.058854166666666666 0.1361111111111111
0 0.13645833333333332 0.2222222222222222 0.05520833333333333 0.19444444444444445
12 0.5734375 0.5694444444444444 0.09427083333333333 0.12037037037037036
1 0.9255208333333333 0.5296296296296297 0.12135416666666667 0.125
11 0.08880208333333334 0.5324074074074074 0.17760416666666667 0.4888888888888889
15 0.7828125 0.4185185185185185 0.1328125 0.14351851851851852
5 0.6307291666666667 0.7 0.05572916666666667 0.14629629629629629
