0 0.8770833333333333 0.5888888888888889 0.09583333333333334 0.27037037037037037
2 0.8265625 0.5314814814814814 0.17395833333333333 0.5861111111111111
18 0.6067708333333334 0.03680555555555556 0.07604166666666666 0.07361111111111111
0 0.7307291666666667 0.4824074074074074 0.08072916666666667 0.17407407407407408
14 0.584375 0.4583333333333333 0.07447916666666667 0.11481481481481481
15 0.7375 0.5074074074074074 0.07083333333333333 0.14166666666666666
0 0.6010416666666667 0.07430555555555556 0.0546875 0.1486111111111111
11 0.22760416666666666 0.6666666666666666 0.159375 0.4981481481481482
19 0.6098958333333333 0.6222222222222222 0.0859375 0.1388888888888889
11 0.3546875 0.20370370370370372 0.17708333333333334 0.40740740740740744
