0 0.5104166666666666 0.5462962962962963 0.09322916666666667 0.2537037037037037
17 0.3453125 0.6074074074074074 0.0765625 0.13425925925925927
8 0.371875 0.08611111111111111 0.075 0.1
0 0.840625 0.4444444444444444 0.07760416666666667 0.2898148148148148
11 0.8963541666666667 0.5296296296296297 0.18125 0.5259259259259259
4 0.13802083333333334 0.35833333333333334 0.0765625 0.1361111111111111
13 0.12864583333333332 0.6472222222222223 0.06145833333333333 0.12222222222222222
11 0.29270833333333335 0.6037037037037037 0.15104166666666666 0.5009259259259259
13 0.3625 0.4722222222222222 0.058854166666666666 0.1
15 0.140625 0.4759259259259259 0.0890625 0.175
11 0.6083333333333333 0.48703703703703705 0.19010416666666666 0.4787037037037037
5 0.409375 0.4305555555555556 0.07552083333333333 0.07685185185185185
1 0.43697916666666664 0.49907407407407406 0.05677083333333333 0.12777777777777777
