17 0.5520833333333334 0.05046296296296296 0.0625 0.10092592592592592
16 0.384375 0.5064814814814815 0.0515625 0.08611111111111111
16 0.7067708333333333 0.4842592592592593 0.057291666666666664 0.14537037037037037
2 0.4869791666666667 0.5481481481481482 0.16875 0.6453703703703704
5 0.5713541666666667 0.4046296296296296 0.058854166666666666 0.10555555555555556
18 0.5182291666666666 0.07592592592592592 0.06197916666666667 0.12037037037037036
0 0.7322916666666667 0.6101851851851852 0.13177083333333334 0.2675925925925926
1 0.48072916666666665 0.5157407407407407 0.044270833333333336 0.07592592592592592
2 0.2864583333333333 0.1951388888888889 0.16614583333333333 0.3902777777777778
15 0.30833333333333335 0.375 0.09270833333333334 0.21296296296296297
