0 0.3697916666666667 0.7916666666666666 0.10520833333333333 0.287962962962963
16 0.81875 0.48055555555555557 0.0765625 0.11574074074074074
6 0.7927083333333333 0.4648148148148148 0.07395833333333333 0.14629629629629629
6 0.75 0.24537037037037038 0.1 0.24537037037037038
2 0.7770833333333333 0.8162037037037037 0.159375 0.3675925925925927
11 0.9234375 0.18333333333333335 0.15312499999999996 0.3666666666666667
9 0.7328125 0.5203703703703704 0.058333333333333334 0.10740740740740741
4 0.7104166666666667 0.11203703703703703 0.057291666666666664 0.09907407407407408
10 0.71875 0.46574074074074073 0.09895833333333333 0.20925925925925926
11 0.5630208333333333 0.21620370370370368 0.20104166666666667 0.43240740740740735
19 0.6802083333333333 0.37592592592592594 0.14739583333333334 0.1638888888888889
