10 0.115625 0.4046296296296296 0.10364583333333334 0.2175925925925926
12 0.31302083333333336 0.5564814814814815 0.0921875 0.14351851851851852
13 0.365625 0.22407407407407406 0.058333333333333334 0.09351851851851851
2 0.2947916666666667 0.8629629629629629 0.15416666666666667 0.274074074074074
0 0.540625 0.08125 0.08229166666666667 0.1625
6 0.1796875 0.3398148148148148 0.09375 0.18703703703703703
2 0.9471354166666667 0.6944444444444444 0.10572916666666665 0.43148148148148147
3 0.36354166666666665 0.3537037037037037 0.09322916666666667 0.17222222222222222
4 0.20885416666666667 0.4898148148148148 0.09270833333333334 0.14629629629629629
11 0.34791666666666665 0.18125000000000002 0.1890625 0.36250000000000004
