0 0.9145833333333333 0.1824074074074074 0.058854166666666666 0.18888888888888888
2 0.6828125 0.41388888888888886 0.18125 0.4703703703703704
15 0.390625 0.5231481481481481 0.09947916666666666 0.11018518518518519
15 0.5130208333333334 0.29444444444444445 0.13697916666666668 0.20277777777777778
14 0.23541666666666666 0.6703703703703704 0.05572916666666667 0.15833333333333333
2 0.8213541666666667 0.14722222222222223 0.13333333333333333 0.29444444444444445
1 0.0671875 0.07407407407407407 0.10520833333333333 0.14814814814814814
6 0.43385416666666665 0.1712962962962963 0.06510416666666667 0.13518518518518519
6 0.4671875 0.4462962962962963 0.115625 0.21481481481481482
14 0.4661458333333333 0.5 0.08385416666666666 0.12777777777777777
2 0.090625 0.19583333333333333 0.1609375 0.39166666666666666
6 0.5755208333333334 0.46574074074074073 0.11770833333333333 0.17037037037037037
