4 0.6385416666666667 0.4898148148148148 0.109375 0.14444444444444443
7 0.678125 0.30092592592592593 0.0609375 0.14351851851851852
8 0.4630208333333333 0.6111111111111112 0.07552083333333333 0.10833333333333334
6 0.22552083333333334 0.7962962962962963 0.11302083333333333 0.12314814814814815
10 0.46979166666666666 0.20277777777777778 0.15052083333333333 0.27685185185185185
0 0.4239583333333333 0.43425925925925923 0.0734375 0.14351851851851852
11 0.8895833333333333 0.5842592592592593 0.19635416666666666 0.5842592592592593
11 0.46458333333333335 0.2064814814814815 0.184375 0.412962962962963
2 0.7098958333333333 0.7166666666666667 0.19166666666666668 0.49537037037037035
18 0.30416666666666664 0.48703703703703705 0.046875 0.09907407407407408
6 0.43645833333333334 0.41944444444444445 0.11145833333333334 0.2388888888888889
0 0.7114583333333333 0.8388888888888889 0.078125 0.22407407407407406
