7 0.8182291666666667 0.08518518518518518 0.1046875 0.1648148148148148
19 0.6036458333333333 0.4777777777777778 0.09635416666666667 0.14166666666666666
2 0.6380208333333334 0.12708333333333333 0.14479166666666668 0.25416666666666665
14 0.8604166666666667 0.6768518518518518 0.07552083333333333 0.21944444444444444
2 0.915625 0.18078703703703702 0.153125 0.36157407407407405
10 0.8604166666666667 0.7101851851851851 0.14583333333333334 0.2611111111111111
7 0.7260416666666667 0.7351851851851852 0.0828125 0.1037037037037037
11 0.1359375 0.5194444444444445 0.18177083333333333 0.5851851851851851
0 0.45729166666666665 0.125 0.05677083333333333 0.17962962962962964
0 0.12291666666666666 0.25 0.0734375 0.2074074074074074
5 0.7890625 0.7203703703703703 0.04635416666666667 0.07314814814814814
