11 0.16302083333333334 0.17199074074074075 0.13229166666666667 0.3439814814814815
10 0.3015625 0.3 0.06666666666666667 0.14074074074074075
12 0.36302083333333335 0.945138888888889 0.058333333333333334 0.10972222222222217
3 0.2921875 0.4703703703703704 0.10885416666666667 0.12962962962962962
3 0.4265625 0.46296296296296297 0.05677083333333333 0.07962962962962963
5 0.4744791666666667 0.7870370370370371 0.08854166666666667 0.14722222222222223
0 0.7807291666666667 0.9409722222222222 0.1328125 0.11805555555555558
0 0.43385416666666665 0.7398148148148148 0.0640625 0.14166666666666666
8 0.2640625 0.39537037037037037 0.11197916666666667 0.16018518518518518
13 0.18802083333333333 0.43333333333333335 0.07135416666666666 0.1259259259259259
