2 0.1140625 0.18171296296296297 0.15572916666666667 0.36342592592592593
7 0.58125 0.2351851851851852 0.125 0.18703703703703703
18 0.6145833333333334 0.4898148148148148 0.06979166666666667 0.1527777777777778
15 0.7911458333333333 0.34814814814814815 0.051041666666666666 0.08981481481481482
7 0.63125 0.33240740740740743 0.08802083333333334 0.16018518518518518
12 0.4734375 0.8925925925925926 0.0625 0.1037037037037037
2 0.2859375 0.32037037037037036 0.14270833333333333 0.4212962962962963
1 0.10833333333333334 0.9465277777777777 0.11145833333333334 0.10694444444444451
11 0.087109375 0.7238425925925925 0.17421875 0.5523148148148149
6 0.6125 0.3990740740740741 0.0875 0.19166666666666668
3 0.7734375 0.5842592592592593 0.06875 0.12407407407407407
