0 0.33541666666666664 0.6935185185185185 0.1109375 0.25
8 0.7072916666666667 0.4638888888888889 0.06354166666666666 0.13333333333333333
17 0.740625 0.7611111111111111 0.04895833333333333 0.10833333333333334
18 0.6807291666666667 0.6361111111111111 0.09375 0.17314814814814813
0 0.215625 0.3175925925925926 0.06458333333333334 0.18611111111111112
6 0.721875 0.55 0.05625 0.0787037037037037
7 0.7286458333333333 0.5268518518518519 0.10520833333333333 0.10740740740740741
3 0.7015625 0.6638888888888889 0.05364583333333333 0.13518518518518519
9 0.6973958333333333 0.6018518518518519 0.07447916666666667 0.11481481481481481
0 0.3015625 0.21574074074074073 0.10416666666666667 0.2722222222222222
