0 0.4817708333333333 0.7481481481481481 0.09375 0.2351851851851852
11 0.24947916666666667 0.8719907407407408 0.16927083333333334 0.25601851851851853
4 0.3932291666666667 0.2 0.0609375 0.11666666666666667
2 0.2390625 0.18541666666666667 0.20260416666666667 0.37083333333333335
0 0.8541666666666666 0.8796296296296297 0.06875 0.2407407407407407
11 0.05130208333333333 0.2199074074074074 0.10260416666666666 0.4398148148148148
14 0.1046875 0.5203703703703704 0.06822916666666666 0.17592592592592593
0 0.7635416666666667 0.48055555555555557 0.11302083333333333 0.16666666666666666
12 0.2604166666666667 0.07731481481481481 0.1171875 0.15462962962962962
8 0.221875 0.39166666666666666 0.11927083333333334 0.21203703703703702
