7 0.35833333333333334 0.6175925925925926 0.12239583333333333 0.21851851851851853
1 0.4296875 0.8740740740740741 0.14739583333333334 0.15925925925925927
13 0.41354166666666664 0.6361111111111111 0.090625 0.15648148148148147
17 0.6203125 0.33425925925925926 0.07708333333333334 0.12962962962962962
2 0.9518229166666666 0.2490740740740741 0.09635416666666674 0.4462962962962963
8 0.28489583333333335 0.5231481481481481 0.1296875 0.18425925925925926
17 0.43072916666666666 0.7666666666666667 0.090625 0.17314814814814813
1 0.9161458333333333 0.8462962962962963 0.084375 0.1259259259259259
5 0.5557291666666667 0.8805555555555555 0.07239583333333334 0.15648148148148147
2 0.22760416666666666 0.13171296296296298 0.18020833333333333 0.26342592592592595
0 0.14583333333333334 0.048379629629629634 0.10364583333333334 0.09675925925925927
16 0.20260416666666667 0.48148148148148145 0.057291666666666664 0.06574074074074074
