6 0.3880208333333333 0.2074074074074074 0.13229166666666667 0.19722222222222222
0 0.4114583333333333 0.23055555555555557 0.10729166666666666 0.19907407407407407
2 0.8708333333333333 0.6851851851851852 0.16614583333333333 0.4638888888888889
11 0.5744791666666667 0.49166666666666664 0.2 0.4759259259259259
18 0.024739583333333336 0.5879629629629629 0.04947916666666667 0.08888888888888889
8 0.1515625 0.4212962962962963 0.1578125 0.19444444444444445
5 0.07604166666666666 0.5055555555555555 0.07239583333333334 0.11018518518518519
0 0.5489583333333333 0.5148148148148148 0.0859375 0.2074074074074074
0 0.359375 0.2324074074074074 0.09270833333333334 0.1648148148148148
11 0.7583333333333333 0.8425925925925926 0.234375 0.3148148148148149
