0 0.1015625 0.6157407407407407 0.08489583333333334 0.18888888888888888
16 0.9171875 0.337037037037037 0.07760416666666667 0.17407407407407408
0 0.6510416666666666 0.8009259259259259 0.0953125 0.25462962962962965
17 0.6567708333333333 0.5638888888888889 0.1109375 0.19537037037037036
1 0.4078125 0.11481481481481481 0.11614583333333334 0.1712962962962963
2 0.925 0.7231481481481481 0.15000000000000002 0.4324074074074074
16 0.8328125 0.3648148148148148 0.06354166666666666 0.16574074074074074
13 0.603125 0.9393518518518519 0.0546875 0.12129629629629624
19 0.7239583333333334 0.6685185185185185 0.14114583333333333 0.1787037037037037
18 0.475 0.6305555555555555 0.06770833333333333 0.13425925925925927
