0 0.41458333333333336 0.8277777777777777 0.04791666666666667 0.16018518518518518
15 0.659375 0.6481481481481481 0.11145833333333334 0.16574074074074074
15 0.5666666666666667 0.7231481481481481 0.12135416666666667 0.1935185185185185
19 0.5458333333333333 0.22037037037037038 0.14322916666666666 0.17592592592592593
8 0.6328125 0.6648148148148149 0.08385416666666666 0.13518518518518519
3 0.5697916666666667 0.46574074074074073 0.06354166666666666 0.09814814814814815
5 0.44427083333333334 0.8472222222222222 0.0703125 0.14351851851851852
0 0.6348958333333333 0.8342592592592593 0.115625 0.17777777777777778
0 0.815625 0.9101851851851852 0.04375 0.17962962962962958
16 0.5046875 0.5648148148148148 0.07708333333333334 0.14629629629629629
