0 0.7734375 0.8638888888888889 0.11197916666666667 0.25462962962962965
16 0.5526041666666667 0.8685185185185185 0.078125 0.18055555555555555
0 0.18125 0.9023148148148148 0.13489583333333333 0.19537037037037042
9 0.5489583333333333 0.8787037037037037 0.05364583333333333 0.09537037037037037
4 0.6130208333333333 0.5453703703703704 0.10260416666666666 0.18333333333333332
5 0.5010416666666667 0.4046296296296296 0.06197916666666667 0.10185185185185185
2 0.1609375 0.4398148148148148 0.171875 0.45185185185185184
17 0.753125 0.6824074074074075 0.09635416666666667 0.1259259259259259
0 0.5682291666666667 0.7620370370370371 0.1109375 0.1814814814814815
16 0.5625 0.5370370370370371 0.05364583333333333 0.12037037037037036
