12 0.2765625 0.12962962962962962 0.05677083333333333 0.16111111111111112
8 0.24114583333333334 0.36574074074074076 0.07447916666666667 0.1175925925925926
7 0.16458333333333333 0.3638888888888889 0.1109375 0.1259259259259259
13 0.31302083333333336 0.8888888888888888 0.0671875 0.12962962962962962
0 0.15052083333333333 0.3537037037037037 0.059375 0.23796296296296296
3 0.03177083333333333 0.5722222222222222 0.058854166666666666 0.16111111111111112
9 0.13177083333333334 0.6435185185185185 0.07604166666666666 0.11666666666666667
0 0.1296875 0.525 0.09322916666666667 0.26481481481481484
18 0.13645833333333332 0.28703703703703703 0.06666666666666667 0.13425925925925927
0 0.9686197916666667 0.5231481481481481 0.06276041666666665 0.25462962962962965
