3 0.3984375 0.06481481481481481 0.058854166666666666 0.09537037037037037
4 0.5026041666666666 0.8027777777777778 0.07708333333333334 0.15833333333333333
11 0.45729166666666665 0.8354166666666667 0.2234375 0.3291666666666666
0 0.603125 0.1537037037037037 0.1515625 0.24259259259259258
16 0.5458333333333333 0.2824074074074074 0.0640625 0.075
14 0.8520833333333333 0.1787037037037037 0.059375 0.14444444444444443
0 0.26458333333333334 0.3296296296296296 0.0640625 0.2490740740740741
2 0.18541666666666667 0.7226851851851852 0.1546875 0.5546296296296297
14 0.7817708333333333 0.4601851851851852 0.06041666666666667 0.1638888888888889
4 0.5229166666666667 0.47962962962962963 0.0671875 0.125
