9 0.7197916666666667 0.412962962962963 0.1125 0.1824074074074074
2 0.4703125 0.2972222222222222 0.20625 0.5268518518518519
0 0.6630208333333333 0.4425925925925926 0.12552083333333333 0.27314814814814814
9 0.5677083333333334 0.8157407407407408 0.075 0.14814814814814814
11 0.2828125 0.35833333333333334 0.18177083333333333 0.5148148148148148
3 0.6515625 0.40555555555555556 0.07864583333333333 0.10833333333333334
9 0.5994791666666667 0.5787037037037037 0.09635416666666667 0.2037037037037037
2 0.17447916666666666 0.3194444444444444 0.15885416666666666 0.5787037037037037
0 0.3296875 0.5601851851851852 0.0828125 0.2361111111111111
12 0.7239583333333334 0.362962962962963 0.06822916666666666 0.08703703703703704
