2 0.58125 0.687037037037037 0.15572916666666667 0.5833333333333334
15 0.7265625 0.5898148148148148 0.06666666666666667 0.14907407407407408
12 0.45625 0.6388888888888888 0.07083333333333333 0.1425925925925926
2 0.9407552083333334 0.8113425925925926 0.11848958333333326 0.3773148148148149
12 0.5661458333333333 0.412962962962963 0.0515625 0.12962962962962962
1 0.2796875 0.07800925925925925 0.09322916666666667 0.1560185185185185
8 0.6270833333333333 0.6351851851851852 0.090625 0.15092592592592594
11 0.06979166666666667 0.6305555555555555 0.13958333333333334 0.575925925925926
10 0.5151041666666667 0.2111111111111111 0.14479166666666668 0.2361111111111111
13 0.5223958333333333 0.7481481481481481 0.125 0.25833333333333336
18 0.6354166666666666 0.8388888888888889 0.050520833333333334 0.08703703703703704
