10 0.45208333333333334 0.30185185185185187 0.11927083333333334 0.20925925925925926
2 0.6026041666666667 0.8275462962962963 0.23541666666666666 0.34490740740740744
3 0.46927083333333336 0.1398148148148148 0.0453125 0.10925925925925926
6 0.46979166666666666 0.49907407407407406 0.09114583333333333 0.09537037037037037
0 0.058203124999999994 0.5666666666666667 0.11640624999999999 0.2777777777777778
8 0.240625 0.44722222222222224 0.08697916666666666 0.13425925925925927
2 0.13854166666666667 0.2712962962962963 0.1703125 0.5027777777777778
11 0.32760416666666664 0.12777777777777777 0.15416666666666667 0.25555555555555554
14 0.28177083333333336 0.3314814814814815 0.09427083333333333 0.17592592592592593
14 0.2755208333333333 0.023842592592592592 0.06197916666666667 0.047685185185185185
14 0.37552083333333336 0.2916666666666667 0.1046875 0.18425925925925926
0 0.5942708333333333 0.31203703703703706 0.08125 0.21388888888888888
