11 0.7583333333333333 0.8458333333333333 0.1625 0.30833333333333335
19 0.5447916666666667 0.39537037037037037 0.10260416666666666 0.19537037037037036
11 0.044140624999999996 0.2013888888888889 0.08828124999999999 0.4027777777777778
12 0.6151041666666667 0.5444444444444444 0.06354166666666666 0.15462962962962962
16 0.5453125 0.2972222222222222 0.10416666666666667 0.17685185185185184
12 0.415625 0.14814814814814814 0.0546875 0.12129629629629629
0 0.4114583333333333 0.1388888888888889 0.053125 0.21666666666666667
15 0.665625 0.27685185185185185 0.09479166666666666 0.2037037037037037
8 0.49583333333333335 0.6111111111111112 0.07395833333333333 0.09444444444444444
8 0.5697916666666667 0.5287037037037037 0.06302083333333333 0.11203703703703703
