0 0.0375 0.34074074074074073 0.07447916666666667 0.1638888888888889
14 0.43020833333333336 0.5027777777777778 0.06197916666666667 0.17685185185185184
14 0.55625 0.24722222222222223 0.04895833333333333 0.11481481481481481
17 0.39375 0.7027777777777777 0.06927083333333334 0.09074074074074075
19 0.5328125 0.8601851851851852 0.08072916666666667 0.1675925925925926
3 0.690625 0.5462962962962963 0.05364583333333333 0.11018518518518519
6 0.48802083333333335 0.4685185185185185 0.10520833333333333 0.18518518518518517
11 0.5703125 0.8046296296296296 0.14947916666666666 0.3907407407407407
1 0.9825520833333333 0.38425925925925924 0.03489583333333335 0.11388888888888889
2 0.22083333333333333 0.813425925925926 0.15677083333333333 0.3731481481481481
11 0.2953125 0.325 0.1609375 0.44074074074074077
7 0.5651041666666666 0.387037037037037 0.03802083333333333 0.07777777777777778
