3 0.4947916666666667 0.3675925925925926 0.06302083333333333 0.14444444444444443
18 0.46822916666666664 0.524074074074074 0.0703125 0.12685185185185185
1 0.3859375 0.4305555555555556 0.12083333333333333 0.1935185185185185
12 0.5635416666666667 0.6722222222222223 0.09166666666666666 0.15833333333333333
14 0.5776041666666667 0.45925925925925926 0.051041666666666666 0.12407407407407407
11 0.9466145833333333 0.20949074074074076 0.10677083333333337 0.4189814814814815
2 0.7015625 0.7905092592592593 0.11614583333333334 0.4189814814814815
5 0.43020833333333336 0.549074074074074 0.08697916666666666 0.1648148148148148
4 0.3692708333333333 0.35462962962962963 0.08125 0.11203703703703703
0 0.30520833333333336 0.23703703703703705 0.12239583333333333 0.25925925925925924
0 0.979296875 0.912962962962963 0.04140624999999998 0.16944444444444445
6 0.6072916666666667 0.3861111111111111 0.04739583333333333 0.06944444444444445
