18 0.6395833333333333 0.1175925925925926 0.08489583333333334 0.18518518518518517
2 0.6234375 0.34444444444444444 0.14270833333333333 0.5879629629629629
13 0.5 0.8972222222222223 0.06614583333333333 0.175
11 0.9536458333333333 0.15578703703703703 0.09270833333333339 0.31157407407407406
2 0.5119791666666667 0.8328703703703704 0.1296875 0.33425925925925926
0 0.6203125 0.7518518518518519 0.1484375 0.22962962962962963
3 0.40572916666666664 0.43796296296296294 0.0609375 0.08796296296296297
14 0.7151041666666667 0.7481481481481481 0.07916666666666666 0.12962962962962962
3 0.45208333333333334 0.6546296296296297 0.09895833333333333 0.14166666666666666
9 0.4890625 0.4675925925925926 0.08541666666666667 0.12777777777777777
