3 0.7765625 0.5324074074074074 0.08854166666666667 0.11388888888888889
0 0.052734375 0.9328703703703703 0.10546875 0.1342592592592593
8 0.796875 0.8157407407407408 0.0640625 0.07685185185185185
0 0.9645833333333333 0.33240740740740743 0.0708333333333333 0.20277777777777778
9 0.9572916666666667 0.17314814814814813 0.07604166666666666 0.14907407407407408
10 0.7739583333333333 0.4 0.15989583333333332 0.31574074074074077
2 0.6703125 0.15 0.14583333333333334 0.3
0 0.46875 0.0625 0.10520833333333333 0.125
4 0.7630208333333334 0.737037037037037 0.08177083333333333 0.13425925925925927
6 0.7973958333333333 0.45 0.06822916666666666 0.09814814814814815
12 0.9213541666666667 0.47314814814814815 0.08958333333333333 0.1925925925925926
