5 0.5848958333333333 0.5555555555555556 0.09583333333333334 0.12962962962962962
18 0.6083333333333333 0.2361111111111111 0.09114583333333333 0.16203703703703703
2 0.6140625 0.44166666666666665 0.16927083333333334 0.5805555555555556
13 0.68125 0.9340277777777778 0.08802083333333334 0.13194444444444442
11 0.5020833333333333 0.5796296296296296 0.16354166666666667 0.4546296296296296
0 0.6442708333333333 0.05 0.12291666666666666 0.1
5 0.8229166666666666 0.6037037037037037 0.09010416666666667 0.14629629629629629
9 0.8953125 0.41944444444444445 0.0578125 0.11203703703703703
3 0.7307291666666667 0.3509259259259259 0.075 0.10092592592592593
11 0.9372395833333333 0.3685185185185185 0.1255208333333333 0.6185185185185185
3 0.6333333333333333 0.5611111111111111 0.09322916666666667 0.13703703703703704
0 0.5442708333333334 0.7796296296296297 0.128125 0.13333333333333333
