0 0.2609375 0.9314814814814816 0.07083333333333333 0.13703703703703696
6 0.45677083333333335 0.6398148148148148 0.08385416666666666 0.17777777777777778
10 0.5041666666666667 0.5018518518518519 0.065625 0.17037037037037037
9 0.5244791666666667 0.5518518518518518 0.07604166666666666 0.18333333333333332
15 0.5286458333333334 0.34814814814814815 0.08645833333333333 0.10925925925925926
2 0.4510416666666667 0.3196759259259259 0.16927083333333334 0.6393518518518518
2 0.890625 0.55 0.15104166666666666 0.5712962962962963
7 0.7072916666666667 0.5518518518518518 0.09114583333333333 0.18425925925925926
19 0.4921875 0.37592592592592594 0.11927083333333334 0.1712962962962963
14 0.5453125 0.1398148148148148 0.0734375 0.15185185185185185
