11 0.5244791666666667 0.6712962962962963 0.14739583333333334 0.45185185185185184
10 0.27291666666666664 0.5361111111111111 0.11770833333333333 0.20462962962962963
8 0.43802083333333336 0.725925925925926 0.08385416666666666 0.12314814814814815
15 0.18541666666666667 0.5009259259259259 0.1265625 0.16111111111111112
4 0.19739583333333333 0.2814814814814815 0.08802083333333334 0.16111111111111112
13 0.37864583333333335 0.4935185185185185 0.05416666666666667 0.09444444444444444
0 0.5916666666666667 0.4324074074074074 0.13020833333333334 0.2759259259259259
3 0.3359375 0.7555555555555555 0.1 0.12685185185185185
0 0.038411458333333336 0.225 0.07682291666666667 0.17685185185185184
11 0.5947916666666667 0.23657407407407405 0.18177083333333333 0.4731481481481481
0 0.23489583333333333 0.16574074074074074 0.10052083333333334 0.18981481481481483
