14 0.25 0.6787037037037037 0.049479166666666664 0.1175925925925926
2 0.7375 0.1474537037037037 0.14427083333333332 0.2949074074074074
0 0.6140625 0.48055555555555557 0.103125 0.29259259259259257
8 0.35625 0.5324074074074074 0.0515625 0.09444444444444444
11 0.4453125 0.8712962962962962 0.18125 0.2574074074074074
8 0.309375 0.17685185185185184 0.0796875 0.1537037037037037
13 0.2552083333333333 0.4287037037037037 0.06614583333333333 0.09166666666666666
0 0.16197916666666667 0.8537037037037037 0.06927083333333334 0.16574074074074074
0 0.10885416666666667 0.3490740740740741 0.075 0.26944444444444443
11 0.4640625 0.7905092592592593 0.15885416666666666 0.4189814814814815
