1 0.7166666666666667 0.7037037037037037 0.10625 0.2175925925925926
10 0.45625 0.9226851851851852 0.12291666666666666 0.15462962962962967
17 0.38645833333333335 0.737037037037037 0.08072916666666667 0.2037037037037037
10 0.5104166666666666 0.39537037037037037 0.09635416666666667 0.18425925925925926
11 0.28020833333333334 0.30439814814814814 0.18958333333333333 0.6087962962962963
2 0.19270833333333334 0.8326388888888889 0.15104166666666666 0.33472222222222225
17 0.31614583333333335 0.6842592592592592 0.1734375 0.2490740740740741
16 0.42604166666666665 0.5537037037037037 0.05 0.1259259259259259
8 0.28489583333333335 0.7675925925925926 0.0796875 0.15185185185185185
0 0.30625 0.7092592592592593 0.042708333333333334 0.2351851851851852
11 0.09166666666666666 0.7641203703703704 0.1578125 0.4717592592592592
12 0.41510416666666666 0.6444444444444445 0.07708333333333334 0.09814814814814815
0 0.4791666666666667 0.30925925925925923 0.11354166666666667 0.1675925925925926
