2 0.943359375 0.33425925925925926 0.11328125 0.5231481481481481
12 0.4765625 0.837037037037037 0.09114583333333333 0.11944444444444445
18 0.2916666666666667 0.5425925925925926 0.08854166666666667 0.15462962962962962
2 0.5291666666666667 0.3861111111111111 0.1328125 0.49537037037037035
10 0.37916666666666665 0.6203703703703703 0.10416666666666667 0.20833333333333334
1 0.7916666666666666 0.15092592592592594 0.11770833333333333 0.11944444444444445
0 0.5197916666666667 0.1824074074074074 0.09010416666666667 0.19074074074074074
14 0.37916666666666665 0.40185185185185185 0.0875 0.16666666666666666
0 0.84375 0.18333333333333332 0.1 0.17314814814814813
7 0.3489583333333333 0.5509259259259259 0.10052083333333334 0.20092592592592592
