4 0.5223958333333333 0.4740740740740741 0.07708333333333334 0.12222222222222222
8 0.6265625 0.6231481481481481 0.103125 0.1527777777777778
0 0.25833333333333336 0.675 0.09791666666666667 0.24444444444444444
0 0.5041666666666667 0.39537037037037037 0.07864583333333333 0.23425925925925925
16 0.40260416666666665 0.32592592592592595 0.09635416666666667 0.25
0 0.1921875 0.7194444444444444 0.10625 0.2712962962962963
2 0.8979166666666667 0.6481481481481481 0.2041666666666666 0.4981481481481482
2 0.1953125 0.20509259259259258 0.16875 0.41018518518518515
12 0.5338541666666666 0.5981481481481481 0.11302083333333333 0.16111111111111112
16 0.5984375 0.6333333333333333 0.1015625 0.1824074074074074
11 0.6458333333333334 0.8217592592592593 0.18020833333333333 0.3564814814814814
