11 0.496875 0.525 0.14895833333333333 0.4361111111111111
4 0.27708333333333335 0.33425925925925926 0.08697916666666666 0.125
0 0.1578125 0.40185185185185185 0.08645833333333333 0.21203703703703702
12 0.30052083333333335 0.6898148148148148 0.1 0.13240740740740742
9 0.2833333333333333 0.3425925925925926 0.12291666666666666 0.1787037037037037
12 0.3265625 0.3574074074074074 0.1015625 0.14074074074074075
16 0.23489583333333333 0.2861111111111111 0.1109375 0.1527777777777778
2 0.7885416666666667 0.7018518518518518 0.1578125 0.5648148148148148
11 0.2609375 0.2613425925925926 0.16510416666666666 0.5226851851851853
0 0.38697916666666665 0.46574074074074073 0.0875 0.20092592592592592
17 0.43697916666666664 0.3435185185185185 0.08645833333333333 0.16203703703703703
