13 0.725 0.12037037037037036 0.071875 0.1425925925925926
7 0.8682291666666667 0.9648148148148148 0.0546875 0.07037037037037042
2 0.09479166666666666 0.46111111111111114 0.18802083333333333 0.5546296296296296
0 0.38177083333333334 0.4935185185185185 0.06354166666666666 0.2175925925925926
0 0.5333333333333333 0.37777777777777777 0.12864583333333332 0.25092592592592594
8 0.9052083333333333 0.44814814814814813 0.08541666666666667 0.17777777777777778
2 0.9088541666666666 0.8136574074074074 0.15 0.3726851851851851
7 0.7989583333333333 0.6796296296296296 0.08385416666666666 0.1787037037037037
5 0.8770833333333333 0.9335648148148148 0.09166666666666666 0.13287037037037042
1 0.9333333333333333 0.37962962962962965 0.0390625 0.09351851851851851
2 0.10052083333333334 0.40555555555555556 0.15885416666666666 0.44722222222222224
