11 0.5296875 0.33425925925925926 0.19583333333333333 0.5638888888888889
13 0.5348958333333333 0.5092592592592593 0.09635416666666667 0.13703703703703704
0 0.9744791666666667 0.9256944444444445 0.05104166666666665 0.14861111111111103
16 0.7515625 0.4740740740740741 0.07395833333333333 0.0962962962962963
0 0.6739583333333333 0.7648148148148148 0.10520833333333333 0.1787037037037037
18 0.6479166666666667 0.587037037037037 0.09635416666666667 0.14444444444444443
2 0.05846354166666667 0.8402777777777778 0.11692708333333333 0.3194444444444444
11 0.078515625 0.43425925925925923 0.15703125 0.47129629629629627
0 0.8052083333333333 0.04814814814814815 0.05572916666666667 0.0962962962962963
12 0.6901041666666666 0.5074074074074074 0.0984375 0.16111111111111112
18 0.6494791666666667 0.4101851851851852 0.10833333333333334 0.18888888888888888
8 0.7234375 0.5388888888888889 0.0828125 0.1648148148148148
16 0.659375 0.5425925925925926 0.07395833333333333 0.13240740740740742
