10 0.41822916666666665 0.17222222222222222 0.1515625 0.2074074074074074
2 0.09583333333333334 0.25625 0.15677083333333333 0.5125
16 0.41354166666666664 0.1527777777777778 0.0609375 0.12962962962962962
8 0.39166666666666666 0.24537037037037038 0.078125 0.13796296296296295
4 0.5708333333333333 0.5074074074074074 0.06302083333333333 0.08888888888888889
1 0.7015625 0.9344907407407408 0.159375 0.13101851851851853
10 0.4625 0.6574074074074074 0.10572916666666667 0.16944444444444445
2 0.825 0.7912037037037037 0.24114583333333334 0.4175925925925925
19 0.39010416666666664 0.4398148148148148 0.0828125 0.12777777777777777
11 0.26927083333333335 0.39537037037037037 0.13958333333333334 0.40925925925925927
