6 0.6651041666666667 0.5444444444444444 0.11354166666666667 0.24351851851851852
19 0.6015625 0.19814814814814816 0.0828125 0.12222222222222222
15 0.6854166666666667 0.29444444444444445 0.05677083333333333 0.13518518518518519
0 0.7604166666666666 0.4962962962962963 0.06822916666666666 0.17685185185185184
19 0.5989583333333334 0.47314814814814815 0.075 0.16574074074074074
2 0.4635416666666667 0.5009259259259259 0.12447916666666667 0.5398148148148149
2 0.3416666666666667 0.8583333333333333 0.20260416666666667 0.28333333333333344
6 0.48854166666666665 0.5703703703703704 0.14322916666666666 0.2222222222222222
7 0.7395833333333334 0.13703703703703704 0.08229166666666667 0.14907407407407408
0 0.9713541666666667 0.7916666666666666 0.05729166666666663 0.2537037037037037
