11 0.7604166666666666 0.7828703703703703 0.19114583333333332 0.43425925925925934
0 0.3333333333333333 0.6 0.06354166666666666 0.22870370370370371
0 0.18072916666666666 0.8861111111111111 0.09947916666666666 0.20555555555555555
16 0.43802083333333336 0.6333333333333333 0.090625 0.16111111111111112
6 0.334375 0.4083333333333333 0.0859375 0.15462962962962962
18 0.5880208333333333 0.23703703703703705 0.043229166666666666 0.0787037037037037
4 0.35052083333333334 0.5388888888888889 0.08541666666666667 0.15185185185185185
4 0.5078125 0.5638888888888889 0.09635416666666667 0.14629629629629629
2 0.9662760416666667 0.09814814814814815 0.06744791666666672 0.1962962962962963
14 0.3984375 0.5009259259259259 0.109375 0.16018518518518518
