0 0.875 0.6759259259259259 0.0625 0.2064814814814815
11 0.5770833333333333 0.2548611111111111 0.175 0.5097222222222222
1 0.1015625 0.7694444444444445 0.15104166666666666 0.16111111111111112
16 0.634375 0.2601851851851852 0.08489583333333334 0.1712962962962963
12 0.6932291666666667 0.5824074074074074 0.051041666666666666 0.08888888888888889
2 0.2838541666666667 0.6546296296296297 0.15625 0.5583333333333333
0 0.6447916666666667 0.35 0.046875 0.19166666666666668
2 0.06484375 0.3851851851851852 0.1296875 0.600925925925926
14 0.6036458333333333 0.5953703703703703 0.06458333333333334 0.09537037037037037
18 0.853125 0.5416666666666666 0.09791666666666667 0.13055555555555556
