9 0.16145833333333334 0.3925925925925926 0.09739583333333333 0.17592592592592593
11 0.09583333333333334 0.3685185185185185 0.159375 0.649074074074074
0 0.5604166666666667 0.059027777777777776 0.07291666666666667 0.11805555555555555
7 0.4739583333333333 0.40555555555555556 0.06979166666666667 0.1175925925925926
2 0.2484375 0.5666666666666667 0.18072916666666666 0.4425925925925926
17 0.33697916666666666 0.15185185185185185 0.09322916666666667 0.11666666666666667
5 0.2760416666666667 0.31666666666666665 0.08229166666666667 0.14629629629629629
17 0.18177083333333333 0.4842592592592593 0.06614583333333333 0.0962962962962963
10 0.2421875 0.2814814814814815 0.08333333333333333 0.11203703703703703
7 0.2630208333333333 0.3787037037037037 0.07916666666666666 0.2064814814814815
1 0.5942708333333333 0.42685185185185187 0.12083333333333333 0.09351851851851851
