9 0.5854166666666667 0.5898148148148148 0.05520833333333333 0.10648148148148148
1 0.7526041666666666 0.9194444444444445 0.10208333333333333 0.1611111111111111
5 0.7369791666666666 0.6370370370370371 0.07395833333333333 0.12314814814814815
0 0.240625 0.7074074074074074 0.071875 0.25
11 0.8390625 0.700925925925926 0.2046875 0.5083333333333333
8 0.7447916666666666 0.7648148148148148 0.0875 0.12777777777777777
5 0.8614583333333333 0.5398148148148149 0.0703125 0.15185185185185185
12 0.46822916666666664 0.7638888888888888 0.103125 0.11851851851851852
11 0.08177083333333333 0.4009259259259259 0.14270833333333333 0.6064814814814815
12 0.8838541666666667 0.7583333333333333 0.09114583333333333 0.10833333333333334
3 0.6098958333333333 0.48518518518518516 0.1125 0.125
0 0.2875 0.1537037037037037 0.16875 0.2064814814814815
