2 0.3671875 0.2349537037037037 0.2140625 0.4699074074074074
3 0.2640625 0.3287037037037037 0.07239583333333334 0.15092592592592594
18 0.11979166666666667 0.7 0.08958333333333333 0.14351851851851852
2 0.6557291666666667 0.8083333333333333 0.15520833333333334 0.3833333333333333
0 0.6697916666666667 0.2833333333333333 0.1265625 0.30925925925925923
2 0.096875 0.4564814814814815 0.15104166666666666 0.44537037037037036
3 0.37604166666666666 0.38333333333333336 0.0890625 0.13055555555555556
0 0.8630208333333333 0.40925925925925927 0.08645833333333333 0.2175925925925926
0 0.5239583333333333 0.16666666666666666 0.0875 0.26481481481481484
17 0.43854166666666666 0.850925925925926 0.06145833333333333 0.07685185185185185
