6 0.8463541666666666 0.8425925925925926 0.103125 0.18796296296296297
2 0.8432291666666667 0.29814814814814816 0.20833333333333334 0.5194444444444445
2 0.790625 0.8634259259259259 0.18229166666666666 0.27314814814814814
2 0.7994791666666666 0.6527777777777778 0.19270833333333334 0.4861111111111111
0 0.45364583333333336 0.9141203703703704 0.05677083333333333 0.17175925925925928
0 0.06197916666666667 0.15185185185185185 0.071875 0.22314814814814815
4 0.6369791666666667 0.45555555555555555 0.07760416666666667 0.13518518518518519
7 0.5546875 0.825925925925926 0.07708333333333334 0.13703703703703704
12 0.6635416666666667 0.5712962962962963 0.06822916666666666 0.09537037037037037
0 0.20208333333333334 0.10393518518518519 0.09166666666666666 0.20787037037037037
