10 0.5244791666666667 0.5277777777777778 0.14322916666666666 0.20925925925925926
0 0.8255208333333334 0.32222222222222224 0.08541666666666667 0.21296296296296297
16 0.5947916666666667 0.19907407407407407 0.0703125 0.17037037037037037
0 0.9041666666666667 0.3194444444444444 0.05520833333333333 0.21666666666666667
3 0.4390625 0.35648148148148145 0.07916666666666666 0.12222222222222222
0 0.08229166666666667 0.8287037037037037 0.096875 0.3212962962962963
5 0.5473958333333333 0.18333333333333332 0.05625 0.09351851851851851
2 0.06875 0.8287037037037037 0.1375 0.34259259259259256
2 0.9083333333333333 0.8555555555555555 0.17552083333333332 0.288888888888889
17 0.521875 0.3861111111111111 0.0859375 0.14074074074074075
18 0.5567708333333333 0.03726851851851852 0.0484375 0.07453703703703704
