1 0.7166666666666667 0.9370370370370371 0.09635416666666667 0.12592592592592589
0 0.49947916666666664 0.2712962962962963 0.18229166666666666 0.25555555555555554
12 0.5458333333333333 0.4759259259259259 0.06354166666666666 0.11018518518518519
2 0.540625 0.5407407407407407 0.17239583333333333 0.6083333333333333
17 0.5072916666666667 0.6407407407407407 0.06197916666666667 0.13518518518518519
6 0.5901041666666667 0.3861111111111111 0.08802083333333334 0.15462962962962962
4 0.6135416666666667 0.3990740740740741 0.1109375 0.16296296296296298
12 0.5098958333333333 0.2638888888888889 0.07291666666666667 0.14814814814814814
13 0.5614583333333333 0.37222222222222223 0.05260416666666667 0.14166666666666666
15 0.4348958333333333 0.26851851851851855 0.059895833333333336 0.09351851851851851
