18 0.24114583333333334 0.7814814814814814 0.0765625 0.13333333333333333
9 0.22708333333333333 0.625 0.08072916666666667 0.12129629629629629
0 0.809375 0.07685185185185185 0.044270833333333336 0.1537037037037037
14 0.29635416666666664 0.17407407407407408 0.08385416666666666 0.1398148148148148
2 0.6583333333333333 0.47129629629629627 0.146875 0.6324074074074074
13 0.15416666666666667 0.9162037037037036 0.1046875 0.16759259259259263
0 0.6057291666666667 0.45555555555555555 0.08489583333333334 0.2074074074074074
0 0.2125 0.8175925925925925 0.0796875 0.2361111111111111
6 0.19739583333333333 0.20555555555555555 0.16614583333333333 0.2916666666666667
4 0.17447916666666666 0.29074074074074074 0.096875 0.14722222222222223
3 0.31614583333333335 0.9266203703703704 0.08177083333333333 0.14675925925925926
