0 0.6895833333333333 0.5722222222222222 0.09895833333333333 0.3074074074074074
16 0.25625 0.4675925925925926 0.12552083333333333 0.07777777777777778
5 0.3640625 0.5935185185185186 0.09947916666666666 0.19444444444444445
3 0.35208333333333336 0.6824074074074075 0.09895833333333333 0.12407407407407407
16 0.06302083333333333 0.8240740740740741 0.11927083333333334 0.12129629629629629
18 0.209375 0.49166666666666664 0.08645833333333333 0.15185185185185185
0 0.3302083333333333 0.850925925925926 0.09322916666666667 0.20925925925925926
17 0.23958333333333334 0.5333333333333333 0.08802083333333334 0.12129629629629629
17 0.29322916666666665 0.38981481481481484 0.06354166666666666 0.1111111111111111
0 0.7864583333333334 0.4361111111111111 0.09322916666666667 0.18518518518518517
