7 0.7338541666666667 0.5314814814814814 0.050520833333333334 0.08425925925925926
8 0.6734375 0.5101851851851852 0.11354166666666667 0.14629629629629629
2 0.7166666666666667 0.5953703703703703 0.13958333333333334 0.42314814814814816
19 0.9768229166666667 0.7814814814814814 0.046354166666666696 0.17685185185185184
2 0.5729166666666666 0.16921296296296295 0.184375 0.3384259259259259
16 0.7989583333333333 0.4203703703703704 0.09739583333333333 0.18703703703703703
14 0.7817708333333333 0.4074074074074074 0.059895833333333336 0.09351851851851851
19 0.740625 0.48148148148148145 0.084375 0.1259259259259259
11 0.275 0.7652777777777777 0.17604166666666668 0.46944444444444444
0 0.5625 0.1935185185185185 0.1734375 0.2675925925925926
12 0.709375 0.36018518518518516 0.10208333333333333 0.14722222222222223
1 0.45729166666666665 0.4083333333333333 0.06979166666666667 0.14537037037037037
