11 0.5197916666666667 0.4537037037037037 0.16614583333333333 0.45185185185185184
14 0.48489583333333336 0.4222222222222222 0.08802083333333334 0.11388888888888889
0 0.6786458333333333 0.7657407407407407 0.11875 0.2111111111111111
0 0.5833333333333334 0.9428240740740741 0.05 0.11435185185185182
15 0.3338541666666667 0.5203703703703704 0.07760416666666667 0.09722222222222222
14 0.3645833333333333 0.19444444444444445 0.07135416666666666 0.15
17 0.42135416666666664 0.6259259259259259 0.0921875 0.14814814814814814
18 0.2604166666666667 0.24351851851851852 0.09270833333333334 0.1675925925925926
17 0.13697916666666668 0.7092592592592593 0.13020833333333334 0.14629629629629629
11 0.07578125 0.2101851851851852 0.1515625 0.4101851851851852
