12 0.7572916666666667 0.5824074074074074 0.07395833333333333 0.10277777777777777
16 0.6760416666666667 0.6638888888888889 0.05520833333333333 0.10277777777777777
14 0.7796875 0.3287037037037037 0.08958333333333333 0.17314814814814813
15 0.8046875 0.7092592592592593 0.06666666666666667 0.15555555555555556
3 0.821875 0.5388888888888889 0.0859375 0.15648148148148147
2 0.84375 0.16805555555555554 0.14114583333333333 0.3361111111111111
12 0.8666666666666667 0.48055555555555557 0.09583333333333334 0.14444444444444443
13 0.7916666666666666 0.6194444444444445 0.0515625 0.09074074074074075
0 0.3125 0.14907407407407408 0.07447916666666667 0.2361111111111111
0 0.9119791666666667 0.24537037037037038 0.07552083333333333 0.20462962962962963
