2 0.934375 0.8789351851851852 0.13124999999999998 0.24212962962962958
11 0.16770833333333332 0.2865740740740741 0.15052083333333333 0.5731481481481482
0 0.18125 0.5537037037037037 0.07604166666666666 0.13148148148148148
17 0.640625 0.5731481481481482 0.0671875 0.14814814814814814
5 0.5947916666666667 0.6814814814814815 0.059895833333333336 0.09814814814814815
18 0.6416666666666667 0.36574074074074076 0.07395833333333333 0.09259259259259259
14 0.43645833333333334 0.6222222222222222 0.0625 0.16111111111111112
0 0.21822916666666667 0.9157407407407407 0.07864583333333333 0.1685185185185185
3 0.40729166666666666 0.5027777777777778 0.0703125 0.1537037037037037
6 0.7385416666666667 0.6611111111111111 0.12291666666666666 0.19074074074074074
1 0.3223958333333333 0.32592592592592595 0.03333333333333333 0.05185185185185185
16 0.4953125 0.5111111111111111 0.06979166666666667 0.12222222222222222
