0 0.9709635416666667 0.9502314814814814 0.058072916666666585 0.09953703703703709
11 0.9518229166666667 0.29259259259259257 0.09635416666666663 0.4361111111111111
6 0.6286458333333333 0.2111111111111111 0.10729166666666666 0.2324074074074074
13 0.6140625 0.6268518518518519 0.08072916666666667 0.11574074074074074
5 0.7026041666666667 0.9027777777777778 0.058333333333333334 0.1
0 0.9255208333333333 0.5370370370370371 0.0953125 0.24259259259259258
14 0.5708333333333333 0.7055555555555556 0.08854166666666667 0.1388888888888889
2 0.390625 0.4203703703703704 0.21354166666666666 0.5166666666666667
1 0.546875 0.4546296296296296 0.07239583333333334 0.25555555555555554
8 0.6421875 0.4685185185185185 0.0640625 0.11296296296296296
2 0.9580729166666667 0.1472222222222222 0.08385416666666656 0.2944444444444444
8 0.659375 0.44074074074074077 0.06354166666666666 0.17222222222222222
