0 0.3421875 0.49907407407407406 0.13958333333333334 0.23148148148148148
12 0.5848958333333333 0.36203703703703705 0.04010416666666667 0.10092592592592593
12 0.5635416666666667 0.8203703703703704 0.08125 0.15
1 0.6057291666666667 0.18888888888888888 0.0640625 0.12685185185185185
15 0.46458333333333335 0.3851851851851852 0.11510416666666666 0.1638888888888889
17 0.7135416666666666 0.5435185185185185 0.09739583333333333 0.19074074074074074
11 0.5890625 0.19212962962962965 0.18385416666666668 0.3842592592592593
16 0.5005208333333333 0.7231481481481481 0.11041666666666666 0.19814814814814816
15 0.6098958333333333 0.5194444444444445 0.121875 0.24074074074074073
13 0.7802083333333333 0.6064814814814815 0.10416666666666667 0.17685185185185184
