0 0.378125 0.9247685185185185 0.051041666666666666 0.15046296296296302
16 0.2635416666666667 0.18796296296296297 0.07395833333333333 0.14629629629629629
11 0.8510416666666667 0.6986111111111111 0.1375 0.6027777777777777
11 0.36770833333333336 0.39444444444444443 0.13697916666666668 0.5824074074074074
13 0.26614583333333336 0.5768518518518518 0.0984375 0.13796296296296295
12 0.33541666666666664 0.675 0.057291666666666664 0.08055555555555556
13 0.3541666666666667 0.4787037037037037 0.09479166666666666 0.1425925925925926
14 0.14791666666666667 0.4546296296296296 0.08072916666666667 0.19537037037037036
0 0.6421875 0.06527777777777778 0.1234375 0.13055555555555556
6 0.2734375 0.3648148148148148 0.0796875 0.14722222222222223
18 0.38645833333333335 0.4388888888888889 0.0546875 0.10555555555555556
1 0.5234375 0.06875 0.11666666666666667 0.1375
