19 0.6317708333333333 0.6425925925925926 0.10677083333333333 0.16111111111111112
11 0.26458333333333334 0.8560185185185185 0.15677083333333333 0.287962962962963
18 0.7015625 0.8 0.0484375 0.07592592592592592
5 0.575 0.5814814814814815 0.06041666666666667 0.09907407407407408
3 0.6098958333333333 0.6083333333333333 0.109375 0.13425925925925927
11 0.38645833333333335 0.13495370370370371 0.16197916666666667 0.26990740740740743
15 0.7796875 0.8175925925925925 0.11302083333333333 0.15462962962962962
5 0.7036458333333333 0.8009259259259259 0.06875 0.10925925925925926
19 0.6807291666666667 0.7833333333333333 0.14479166666666668 0.22870370370370371
0 0.08802083333333334 0.7509259259259259 0.11302083333333333 0.18981481481481483
2 0.2526041666666667 0.737037037037037 0.17708333333333334 0.49074074074074076
