18 0.2890625 0.3962962962962963 0.0734375 0.13055555555555556
2 0.10520833333333333 0.6666666666666666 0.16354166666666667 0.4759259259259259
5 0.5333333333333333 0.7138888888888889 0.0765625 0.17407407407407408
10 0.46145833333333336 0.6824074074074075 0.1171875 0.14166666666666666
0 0.7255208333333333 0.44351851851851853 0.1484375 0.24351851851851852
12 0.5140625 0.762962962962963 0.04635416666666667 0.13240740740740742
0 0.24270833333333333 0.8314814814814815 0.0625 0.19814814814814816
2 0.26927083333333335 0.7324074074074074 0.14010416666666667 0.5166666666666667
0 0.9756510416666666 0.11805555555555555 0.048697916666666674 0.2361111111111111
11 0.9253906249999999 0.5453703703703704 0.14921875000000007 0.4824074074074074
