3 0.7296875 0.49537037037037035 0.07552083333333333 0.11203703703703703
0 0.3828125 0.21851851851851853 0.109375 0.17685185185185184
9 0.5796875 0.5305555555555556 0.07395833333333333 0.19907407407407407
1 0.7739583333333333 0.07592592592592592 0.09947916666666666 0.10092592592592593
14 0.45260416666666664 0.5425925925925926 0.04739583333333333 0.12129629629629629
16 0.8151041666666666 0.6435185185185185 0.06666666666666667 0.12962962962962962
10 0.7505208333333333 0.6 0.0875 0.14074074074074075
2 0.365625 0.7333333333333334 0.16927083333333334 0.5333333333333333
18 0.478125 0.5453703703703704 0.06041666666666667 0.08055555555555556
11 0.5510416666666667 0.7342592592592593 0.15989583333333332 0.44166666666666665
0 0.9348958333333334 0.4111111111111111 0.057291666666666664 0.2037037037037037
