11 0.9490885416666666 0.6305555555555555 0.10182291666666676 0.41759259259259257
0 0.22135416666666666 0.5231481481481481 0.09739583333333333 0.18611111111111112
18 0.48125 0.7055555555555556 0.084375 0.17222222222222222
17 0.5489583333333333 0.7166666666666667 0.0859375 0.12962962962962962
7 0.5796875 0.5018518518518519 0.05677083333333333 0.09166666666666666
17 0.246875 0.21296296296296297 0.09427083333333333 0.1712962962962963
17 0.44947916666666665 0.6064814814814815 0.07395833333333333 0.15
1 0.03411458333333334 0.6101851851851852 0.06822916666666667 0.2111111111111111
0 0.446875 0.3851851851851852 0.11979166666666667 0.19814814814814816
11 0.09010416666666667 0.3712962962962963 0.14739583333333334 0.5787037037037037
18 0.5130208333333334 0.36944444444444446 0.09375 0.13703703703703704
8 0.13229166666666667 0.37222222222222223 0.09791666666666667 0.17777777777777778
