5 0.634375 0.387037037037037 0.08385416666666666 0.14814814814814814
10 0.5546875 0.26296296296296295 0.11041666666666666 0.1111111111111111
16 0.7197916666666667 0.21851851851851853 0.09739583333333333 0.1712962962962963
0 0.34791666666666665 0.562962962962963 0.08072916666666667 0.17777777777777778
0 0.8354166666666667 0.8601851851851852 0.059375 0.2101851851851852
6 0.8447916666666667 0.5148148148148148 0.1125 0.2074074074074074
11 0.31875 0.8719907407407408 0.15416666666666667 0.25601851851851853
2 0.9596354166666666 0.8458333333333333 0.08072916666666674 0.30833333333333335
14 0.7192708333333333 0.15185185185185185 0.07291666666666667 0.1111111111111111
1 0.8942708333333333 0.5722222222222222 0.1234375 0.14074074074074075
