2 0.3651041666666667 0.20925925925925926 0.21302083333333333 0.4185185185185185
18 0.575 0.3907407407407407 0.08125 0.1425925925925926
5 0.5640625 0.4648148148148148 0.053125 0.13425925925925927
7 0.25625 0.4925925925925926 0.0515625 0.13518518518518519
13 0.5307291666666667 0.5314814814814814 0.07083333333333333 0.12962962962962962
0 0.8546875 0.06759259259259259 0.08802083333333334 0.12037037037037036
4 0.4557291666666667 0.6796296296296296 0.09895833333333333 0.15185185185185185
2 0.44895833333333335 0.6203703703703703 0.14739583333333334 0.5648148148148148
9 0.5145833333333333 0.18425925925925926 0.06302083333333333 0.09351851851851851
2 0.24583333333333332 0.21597222222222223 0.16614583333333333 0.43194444444444446
7 0.5166666666666667 0.5546296296296296 0.05364583333333333 0.0787037037037037
