12 0.4484375 0.4787037037037037 0.06875 0.1574074074074074
18 0.565625 0.5574074074074075 0.08177083333333333 0.1287037037037037
19 0.31145833333333334 0.0824074074074074 0.109375 0.1648148148148148
10 0.4984375 0.2351851851851852 0.14635416666666667 0.25833333333333336
17 0.3260416666666667 0.40555555555555556 0.07447916666666667 0.15185185185185185
0 0.153125 0.8101851851851852 0.06145833333333333 0.22407407407407406
9 0.34322916666666664 0.6638888888888889 0.128125 0.1712962962962963
11 0.07955729166666667 0.22939814814814813 0.15911458333333334 0.45879629629629626
0 0.37447916666666664 0.6055555555555555 0.049479166666666664 0.15648148148148147
10 0.4328125 0.4 0.0875 0.19166666666666668
11 0.0375 0.8527777777777777 0.075 0.2944444444444445
