0 0.5505208333333333 0.24722222222222223 0.071875 0.15648148148148147
13 0.016145833333333335 0.46296296296296297 0.03229166666666667 0.11574074074074074
11 0.6526041666666667 0.12824074074074074 0.19791666666666666 0.2564814814814815
7 0.20625 0.3055555555555556 0.09166666666666666 0.1527777777777778
15 0.068359375 0.6685185185185185 0.13671875 0.2601851851851852
1 0.6067708333333334 0.8342592592592593 0.050520833333333334 0.08703703703703704
9 0.20260416666666667 0.39444444444444443 0.0859375 0.17037037037037037
15 0.4322916666666667 0.13703703703703704 0.1140625 0.1361111111111111
2 0.5791666666666667 0.2824074074074074 0.16041666666666668 0.4425925925925926
2 0.3098958333333333 0.18032407407407408 0.14583333333333334 0.36064814814814816
3 0.14895833333333333 0.4222222222222222 0.0546875 0.10185185185185185
17 0.3307291666666667 0.4675925925925926 0.09791666666666667 0.19166666666666668
