7 0.28541666666666665 0.5638888888888889 0.10052083333333334 0.1787037037037037
0 0.3328125 0.3388888888888889 0.07864583333333333 0.23148148148148148
0 0.8119791666666667 0.8481481481481481 0.09010416666666667 0.2777777777777778
17 0.4317708333333333 0.17592592592592593 0.0984375 0.14814814814814814
11 0.7510416666666667 0.14421296296296296 0.1765625 0.2884259259259259
11 0.7510416666666667 0.8634259259259259 0.175 0.27314814814814814
19 0.14791666666666667 0.14444444444444443 0.16666666666666666 0.2675925925925926
11 0.5270833333333333 0.4425925925925926 0.15572916666666667 0.43703703703703706
17 0.44895833333333335 0.24259259259259258 0.07447916666666667 0.11851851851851852
15 0.3796875 0.29814814814814816 0.0640625 0.09074074074074075
