8 0.48333333333333334 0.5814814814814815 0.10260416666666666 0.18055555555555555
11 0.6734375 0.7462962962962962 0.23645833333333333 0.5074074074074074
2 0.953125 0.8298611111111112 0.09375 0.3402777777777777
18 0.3703125 0.375 0.08697916666666666 0.17407407407407408
0 0.6046875 0.9097222222222222 0.07864583333333333 0.18055555555555558
18 0.2203125 0.36574074074074076 0.06145833333333333 0.12037037037037036
0 0.8286458333333333 0.262037037037037 0.11145833333333334 0.1537037037037037
18 0.5619791666666667 0.3537037037037037 0.0609375 0.12314814814814815
11 0.2484375 0.6877314814814814 0.16666666666666666 0.6245370370370371
16 0.4078125 0.35185185185185186 0.05416666666666667 0.09444444444444444
1 0.35260416666666666 0.7564814814814815 0.1171875 0.18518518518518517
