14 0.5192708333333333 0.41574074074074074 0.1 0.16018518518518518
17 0.34479166666666666 0.4212962962962963 0.0796875 0.1287037037037037
18 0.35885416666666664 0.26296296296296295 0.11302083333333333 0.16018518518518518
2 0.43125 0.28032407407407406 0.16875 0.5606481481481481
0 0.3567708333333333 0.7037037037037037 0.0828125 0.2833333333333333
15 0.28177083333333336 0.3861111111111111 0.0984375 0.10092592592592593
4 0.5166666666666667 0.3712962962962963 0.0640625 0.17685185185185184
4 0.5875 0.6527777777777778 0.090625 0.1259259259259259
2 0.8739583333333333 0.47685185185185186 0.2015625 0.5777777777777777
14 0.30833333333333335 0.40925925925925927 0.04635416666666667 0.11574074074074074
