0 0.7182291666666667 0.9282407407407407 0.1 0.1435185185185186
18 0.7572916666666667 0.5166666666666667 0.05260416666666667 0.1037037037037037
5 0.7291666666666666 0.5435185185185185 0.06822916666666666 0.1037037037037037
11 0.05729166666666667 0.20694444444444443 0.11458333333333334 0.41388888888888886
7 0.85625 0.4675925925925926 0.08385416666666666 0.14537037037037037
7 0.8234375 0.5425925925925926 0.09010416666666667 0.1925925925925926
6 0.6744791666666666 0.43333333333333335 0.06927083333333334 0.14074074074074075
11 0.30416666666666664 0.24953703703703703 0.15989583333333332 0.49907407407407406
2 0.2140625 0.1835648148148148 0.14270833333333333 0.3671296296296296
6 0.6244791666666667 0.20555555555555555 0.13229166666666667 0.1388888888888889
8 0.790625 0.4583333333333333 0.06979166666666667 0.15462962962962962
