11 0.22239583333333332 0.8583333333333334 0.1359375 0.2833333333333333
18 0.6604166666666667 0.4666666666666667 0.09895833333333333 0.11944444444444445
0 0.09375 0.23148148148148148 0.05260416666666667 0.175
13 0.3890625 0.9162037037037036 0.09635416666666667 0.16759259259259263
0 0.972265625 0.8351851851851851 0.055468749999999956 0.1648148148148148
7 0.38333333333333336 0.3972222222222222 0.06875 0.1712962962962963
11 0.25833333333333336 0.2722222222222222 0.20416666666666666 0.5222222222222223
9 0.2786458333333333 0.4203703703703704 0.07083333333333333 0.10740740740740741
16 0.38385416666666666 0.7092592592592593 0.14635416666666667 0.1787037037037037
2 0.05598958333333333 0.4287037037037037 0.11197916666666666 0.47685185185185186
