5 0.69375 0.4722222222222222 0.0640625 0.09166666666666666
5 0.81875 0.6435185185185185 0.0484375 0.09444444444444444
1 0.5041666666666667 0.787962962962963 0.10833333333333334 0.1388888888888889
18 0.903125 0.425 0.09114583333333333 0.12685185185185185
0 0.7265625 0.13333333333333333 0.08489583333333334 0.18796296296296297
12 0.9833333333333334 0.24444444444444444 0.033333333333333326 0.10833333333333334
11 0.9026041666666667 0.7194444444444444 0.18802083333333333 0.49166666666666664
18 0.6979166666666666 0.4203703703703704 0.07135416666666666 0.12129629629629629
10 0.8572916666666667 0.6722222222222223 0.09791666666666667 0.12407407407407407
11 0.7807291666666667 0.3638888888888889 0.21041666666666667 0.5601851851851852
4 0.7901041666666667 0.31203703703703706 0.084375 0.17592592592592593
0 0.20572916666666666 0.45 0.1234375 0.2537037037037037
