10 0.6885416666666667 0.8796296296296297 0.07604166666666666 0.1638888888888889
16 0.7244791666666667 0.475 0.075 0.14814814814814814
12 0.7015625 0.8555555555555555 0.08489583333333334 0.09444444444444444
13 0.6328125 0.5314814814814814 0.0859375 0.1574074074074074
0 0.8953125 0.5851851851851851 0.06927083333333334 0.17962962962962964
6 0.6833333333333333 0.575 0.09427083333333333 0.22685185185185186
0 0.9609375 0.687037037037037 0.078125 0.17592592592592593
2 0.1875 0.7925925925925925 0.16197916666666667 0.41481481481481486
0 0.35989583333333336 0.8518518518518519 0.0984375 0.22037037037037038
19 0.5854166666666667 0.4203703703703704 0.1453125 0.2037037037037037
12 0.7604166666666666 0.5472222222222223 0.06458333333333334 0.08888888888888889
