0 0.4796875 0.7416666666666667 0.14010416666666667 0.22037037037037038
18 0.19947916666666668 0.7981481481481482 0.0671875 0.11851851851851852
2 0.9161458333333333 0.3314814814814815 0.15625 0.4462962962962963
8 0.31875 0.3731481481481482 0.06145833333333333 0.11388888888888889
19 0.1328125 0.27314814814814814 0.09166666666666666 0.16574074074074074
7 0.35052083333333334 0.32037037037037036 0.06979166666666667 0.175
18 0.23697916666666666 0.3648148148148148 0.06822916666666666 0.09907407407407408
9 0.3729166666666667 0.9222222222222223 0.06979166666666667 0.15555555555555556
0 0.5348958333333333 0.9361111111111111 0.13177083333333334 0.12777777777777777
8 0.19270833333333334 0.5574074074074075 0.1125 0.1925925925925926
