15 0.8572916666666667 0.762962962962963 0.0484375 0.09166666666666666
1 0.7515625 0.6351851851851852 0.10260416666666666 0.09907407407407408
0 0.4828125 0.07731481481481481 0.09114583333333333 0.15462962962962962
0 0.715625 0.05648148148148148 0.10625 0.11296296296296296
3 0.6713541666666667 0.7981481481481482 0.06197916666666667 0.1527777777777778
14 0.4973958333333333 0.3611111111111111 0.10885416666666667 0.1425925925925926
4 0.6869791666666667 0.2518518518518518 0.09739583333333333 0.15
9 0.5432291666666667 0.9314814814814816 0.08958333333333333 0.13703703703703696
6 0.7338541666666667 0.3731481481481482 0.06770833333333333 0.1574074074074074
3 0.5807291666666666 0.15833333333333333 0.04791666666666667 0.08796296296296297
