5 0.728125 0.6268518518518519 0.06770833333333333 0.14166666666666666
15 0.7348958333333333 0.04583333333333333 0.07916666666666666 0.09166666666666666
0 0.13385416666666666 0.7796296296296297 0.07239583333333334 0.22592592592592592
11 0.49114583333333334 0.14375 0.15572916666666667 0.2875
11 0.49166666666666664 0.36203703703703705 0.14270833333333333 0.5351851851851852
0 0.4328125 0.8055555555555556 0.09114583333333333 0.26851851851851855
0 0.4984375 0.9039351851851851 0.14114583333333333 0.19212962962962965
9 0.6729166666666667 0.6157407407407407 0.06979166666666667 0.10555555555555556
10 0.4765625 0.9025462962962962 0.1453125 0.19490740740740742
11 0.7666666666666667 0.5370370370370371 0.13541666666666666 0.5842592592592593
13 0.7026041666666667 0.5805555555555556 0.08489583333333334 0.11296296296296296
