15 0.69375 0.8305555555555556 0.09635416666666667 0.13796296296296295
1 0.6734375 0.06736111111111112 0.1390625 0.13472222222222224
2 0.9473958333333333 0.275 0.10520833333333335 0.48333333333333334
11 0.484375 0.8224537037037037 0.20520833333333333 0.3550925925925925
4 0.6973958333333333 0.2814814814814815 0.08229166666666667 0.11018518518518519
19 0.8125 0.6083333333333333 0.09583333333333334 0.09351851851851851
13 0.4505208333333333 0.5537037037037037 0.08854166666666667 0.13425925925925927
0 0.6583333333333333 0.8546296296296296 0.07395833333333333 0.14814814814814814
14 0.5635416666666667 0.7425925925925926 0.06354166666666666 0.16666666666666666
1 0.5385416666666667 0.6990740740740741 0.12083333333333333 0.1675925925925926
5 0.65625 0.7861111111111111 0.09166666666666666 0.15925925925925927
11 0.8208333333333333 0.29305555555555557 0.14270833333333333 0.5861111111111111
