12 0.1 0.6925925925925925 0.10729166666666666 0.1398148148148148
11 0.09739583333333333 0.7891203703703704 0.18854166666666666 0.42175925925925917
0 0.40625 0.07592592592592592 0.06510416666666667 0.12314814814814815
2 0.9359375 0.3333333333333333 0.12812500000000004 0.649074074074074
0 0.13229166666666667 0.8962962962962963 0.08645833333333333 0.16574074074074074
0 0.125 0.9405092592592592 0.041666666666666664 0.11898148148148147
9 0.3489583333333333 0.8611111111111112 0.0828125 0.13425925925925927
14 0.24166666666666667 0.31666666666666665 0.07552083333333333 0.10925925925925926
18 0.35260416666666666 0.7490740740740741 0.07395833333333333 0.1111111111111111
6 0.4635416666666667 0.29814814814814816 0.05520833333333333 0.18611111111111112
15 0.296875 0.5925925925925926 0.15104166666666666 0.15092592592592594
