2 0.5697916666666667 0.49166666666666664 0.24739583333333334 0.6203703703703703
9 0.5729166666666666 0.9256944444444445 0.10364583333333334 0.14861111111111103
0 0.4703125 0.725 0.11041666666666666 0.3333333333333333
4 0.5854166666666667 0.28888888888888886 0.06197916666666667 0.08888888888888889
0 0.753125 0.6537037037037037 0.05625 0.19537037037037036
15 0.4557291666666667 0.33796296296296297 0.08697916666666666 0.16018518518518518
18 0.6067708333333334 0.6064814814814815 0.05364583333333333 0.1037037037037037
0 0.2 0.5435185185185185 0.09635416666666667 0.26851851851851855
18 0.5791666666666667 0.7916666666666666 0.0578125 0.09722222222222222
11 0.06940104166666666 0.19768518518518519 0.13880208333333333 0.39537037037037037
