16 0.6145833333333334 0.6712962962962963 0.1140625 0.15092592592592594
0 0.8333333333333334 0.6777777777777778 0.13229166666666667 0.30462962962962964
2 0.0703125 0.8335648148148148 0.140625 0.33287037037037037
19 0.44947916666666665 0.3861111111111111 0.134375 0.16944444444444445
3 0.384375 0.43703703703703706 0.06302083333333333 0.11203703703703703
0 0.2828125 0.3212962962962963 0.10572916666666667 0.2611111111111111
3 0.4015625 0.6648148148148149 0.0625 0.10185185185185185
16 0.2890625 0.7601851851851852 0.0625 0.09814814814814815
17 0.7494791666666667 0.7277777777777777 0.057291666666666664 0.12314814814814815
12 0.4635416666666667 0.37962962962962965 0.05677083333333333 0.14351851851851852
