0 0.6614583333333334 0.8287037037037037 0.1046875 0.19074074074074074
6 0.6078125 0.5324074074074074 0.10416666666666667 0.12685185185185185
16 0.825 0.44351851851851853 0.06458333333333334 0.16018518518518518
19 0.5395833333333333 0.8703703703703703 0.06927083333333334 0.14166666666666666
17 0.7885416666666667 0.7490740740740741 0.07447916666666667 0.06851851851851852
0 0.9569010416666667 0.4546296296296296 0.08619791666666665 0.20925925925925926
12 0.7083333333333334 0.4046296296296296 0.090625 0.1935185185185185
0 0.49635416666666665 0.7601851851851852 0.071875 0.2518518518518518
9 0.7223958333333333 0.4842592592592593 0.084375 0.14166666666666666
4 0.65625 0.5842592592592593 0.11666666666666667 0.2212962962962963
