0 0.021744791666666666 0.3962962962962963 0.04348958333333333 0.17222222222222222
13 0.4973958333333333 0.737037037037037 0.05677083333333333 0.09722222222222222
7 0.3932291666666667 0.19444444444444445 0.10572916666666667 0.19814814814814816
18 0.5234375 0.6564814814814814 0.08645833333333333 0.14629629629629629
0 0.7364583333333333 0.6574074074074074 0.08229166666666667 0.17777777777777778
0 0.5895833333333333 0.1712962962962963 0.1 0.19722222222222222
15 0.46510416666666665 0.3675925925925926 0.11302083333333333 0.22037037037037038
9 0.24270833333333333 0.5611111111111111 0.06197916666666667 0.10555555555555556
12 0.4239583333333333 0.275 0.050520833333333334 0.10648148148148148
4 0.6260416666666667 0.5592592592592592 0.09583333333333334 0.19907407407407407
