2 0.9200520833333333 0.7106481481481481 0.15989583333333335 0.5787037037037037
3 0.7864583333333334 0.3888888888888889 0.07760416666666667 0.09259259259259259
17 0.8046875 0.43333333333333335 0.05364583333333333 0.08981481481481482
15 0.8140625 0.3675925925925926 0.10364583333333334 0.17222222222222222
19 0.8723958333333334 0.8203703703703704 0.06041666666666667 0.14629629629629629
16 0.7890625 0.8935185185185185 0.06302083333333333 0.16296296296296298
0 0.4625 0.21666666666666667 0.11770833333333333 0.2064814814814815
19 0.6354166666666666 0.9048611111111111 0.16770833333333332 0.19027777777777777
0 0.06041666666666667 0.412962962962963 0.0546875 0.2064814814814815
0 0.7119791666666667 0.4842592592592593 0.07708333333333334 0.26666666666666666
18 0.9135416666666667 0.32222222222222224 0.06302083333333333 0.10555555555555556
11 0.9372395833333333 0.29074074074074074 0.1255208333333333 0.38981481481481484
2 0.8098958333333334 0.8134259259259259 0.21041666666666667 0.37314814814814823
