13 0.7755208333333333 0.24074074074074073 0.059895833333333336 0.1
0 0.6609375 0.8916666666666667 0.06145833333333333 0.18425925925925926
2 0.6895833333333333 0.7129629629629629 0.13541666666666666 0.5305555555555556
14 0.9036458333333334 0.4685185185185185 0.10729166666666666 0.19722222222222222
18 0.728125 0.1388888888888889 0.08177083333333333 0.14537037037037037
12 0.8546875 0.3611111111111111 0.09322916666666667 0.12777777777777777
17 0.946875 0.16944444444444445 0.07135416666666666 0.12314814814814815
5 0.8041666666666667 0.2916666666666667 0.0953125 0.16574074074074074
0 0.2671875 0.7212962962962963 0.096875 0.225
0 0.5739583333333333 0.06550925925925927 0.08854166666666667 0.13101851851851853
