16 0.5979166666666667 0.2898148148148148 0.075 0.13240740740740742
10 0.6197916666666666 0.5472222222222223 0.06510416666666667 0.16018518518518518
11 0.36875 0.2636574074074074 0.18645833333333334 0.5273148148148148
15 0.6270833333333333 0.20555555555555555 0.1109375 0.10740740740740741
7 0.715625 0.3287037037037037 0.05572916666666667 0.11666666666666667
16 0.6125 0.31203703703703706 0.04739583333333333 0.09074074074074075
0 0.8520833333333333 0.7055555555555556 0.13958333333333334 0.18981481481481483
0 0.8484375 0.22962962962962963 0.09270833333333334 0.16296296296296298
0 0.24479166666666666 0.04189814814814814 0.09322916666666667 0.08379629629629629
17 0.496875 0.1388888888888889 0.06458333333333334 0.08425925925925926
4 0.6328125 0.23981481481481481 0.06822916666666666 0.11666666666666667
