19 0.2421875 0.5416666666666666 0.109375 0.23703703703703705
16 0.16614583333333333 0.1 0.06510416666666667 0.10092592592592593
15 0.16302083333333334 0.05439814814814815 0.12447916666666667 0.1087962962962963
11 0.07447916666666667 0.4925925925925926 0.14895833333333333 0.4842592592592593
8 0.12916666666666668 0.4444444444444444 0.09270833333333334 0.16666666666666666
0 0.7921875 0.6203703703703703 0.1 0.25555555555555554
0 0.09322916666666667 0.6287037037037037 0.06354166666666666 0.12777777777777777
10 0.1734375 0.5324074074074074 0.09322916666666667 0.1574074074074074
0 0.9859374999999999 0.1 0.028125000000000067 0.1824074074074074
8 0.21145833333333333 0.5407407407407407 0.0859375 0.15185185185185185
9 0.3494791666666667 0.41759259259259257 0.07760416666666667 0.10462962962962963
