0 0.19479166666666667 0.8986111111111111 0.058333333333333334 0.20277777777777772
11 0.39479166666666665 0.13819444444444445 0.19114583333333332 0.2763888888888889
2 0.43802083333333336 0.3787037037037037 0.14375 0.6129629629629629
11 0.11145833333333334 0.7747685185185185 0.18229166666666666 0.45046296296296295
14 0.4869791666666667 0.44722222222222224 0.07864583333333333 0.19444444444444445
4 0.6411458333333333 0.525 0.059375 0.09444444444444444
5 0.6994791666666667 0.23148148148148148 0.08020833333333334 0.19537037037037036
0 0.4671875 0.7592592592592593 0.0875 0.18796296296296297
5 0.628125 0.6259259259259259 0.08541666666666667 0.1425925925925926
1 0.30885416666666665 0.09745370370370371 0.07708333333333334 0.19490740740740742
