14 0.421875 0.5259259259259259 0.08125 0.13240740740740742
11 0.20104166666666667 0.8391203703703703 0.19114583333333332 0.3217592592592593
11 0.18541666666666667 0.15 0.221875 0.3
14 0.5442708333333334 0.44537037037037036 0.06979166666666667 0.11203703703703703
9 0.6223958333333334 0.42777777777777776 0.09791666666666667 0.17777777777777778
0 0.8380208333333333 0.20462962962962963 0.10729166666666666 0.1685185185185185
0 0.071875 0.5898148148148148 0.06875 0.17037037037037037
6 0.5307291666666667 0.3351851851851852 0.0796875 0.1287037037037037
8 0.7416666666666667 0.42777777777777776 0.090625 0.175
4 0.496875 0.27870370370370373 0.09166666666666666 0.15925925925925927
18 0.5479166666666667 0.6962962962962963 0.06302083333333333 0.10740740740740741
0 0.28802083333333334 0.8861111111111111 0.12395833333333334 0.175
2 0.3458333333333333 0.18518518518518517 0.17916666666666667 0.37037037037037035
