11 0.8401041666666667 0.42314814814814816 0.178125 0.49537037037037035
2 0.9274739583333333 0.8305555555555555 0.1450520833333333 0.3388888888888889
4 0.15625 0.9659722222222222 0.0890625 0.06805555555555554
11 0.7588541666666667 0.6055555555555555 0.16614583333333333 0.4703703703703704
4 0.23177083333333334 0.3453703703703704 0.0578125 0.09814814814814815
3 0.4171875 0.7324074074074074 0.08333333333333333 0.09814814814814815
3 0.35572916666666665 0.3851851851851852 0.10364583333333334 0.1638888888888889
0 0.2677083333333333 0.9321759259259259 0.071875 0.13564814814814818
17 0.31666666666666665 0.45925925925925926 0.059375 0.0962962962962963
4 0.24114583333333334 0.5527777777777778 0.0984375 0.1925925925925926
16 0.24895833333333334 0.41203703703703703 0.0921875 0.2361111111111111
