17 0.5979166666666667 0.8462962962962963 0.059375 0.11481481481481481
0 0.1875 0.8925925925925926 0.06614583333333333 0.19444444444444445
2 0.65 0.7273148148148149 0.20572916666666666 0.5453703703703703
11 0.43697916666666664 0.5268518518518519 0.20364583333333333 0.525
8 0.6505208333333333 0.42685185185185187 0.16927083333333334 0.2388888888888889
0 0.08229166666666667 0.8490740740740741 0.0765625 0.2657407407407407
6 0.5770833333333333 0.4064814814814815 0.08385416666666666 0.1175925925925926
2 0.4078125 0.7268518518518519 0.15729166666666666 0.46296296296296297
19 0.6463541666666667 0.22777777777777777 0.15833333333333333 0.20462962962962963
0 0.796875 0.10208333333333333 0.17864583333333334 0.20416666666666666
8 0.6067708333333334 0.44537037037037036 0.06770833333333333 0.15
