12 0.2609375 0.4185185185185185 0.1 0.15925925925925927
0 0.7911458333333333 0.20277777777777778 0.051041666666666666 0.20925925925925926
8 0.49635416666666665 0.3472222222222222 0.0921875 0.13703703703703704
4 0.48333333333333334 0.41944444444444445 0.07239583333333334 0.12962962962962962
0 0.1578125 0.8222222222222222 0.16822916666666668 0.1574074074074074
19 0.20989583333333334 0.6564814814814814 0.052083333333333336 0.10833333333333334
6 0.5385416666666667 0.15185185185185185 0.0828125 0.1638888888888889
0 0.6848958333333334 0.09537037037037038 0.09010416666666667 0.19074074074074077
10 0.5192708333333333 0.43703703703703706 0.06875 0.15555555555555556
13 0.34322916666666664 0.5611111111111111 0.07447916666666667 0.11851851851851852
