6 0.25104166666666666 0.7796296296296297 0.12708333333333333 0.18055555555555555
11 0.29739583333333336 0.29907407407407405 0.1765625 0.5111111111111111
6 0.32083333333333336 0.4777777777777778 0.1171875 0.14907407407407408
10 0.4864583333333333 0.2601851851851852 0.1265625 0.18611111111111112
17 0.2708333333333333 0.6416666666666667 0.08333333333333333 0.12037037037037036
7 0.5260416666666666 0.9194444444444444 0.075 0.1398148148148148
1 0.20364583333333333 0.24074074074074073 0.12447916666666667 0.14814814814814814
2 0.740625 0.7476851851851851 0.159375 0.5046296296296297
9 0.3421875 0.5527777777777778 0.058854166666666666 0.10833333333333334
18 0.23854166666666668 0.6361111111111111 0.09635416666666667 0.18981481481481483
