3 0.6020833333333333 0.43425925925925923 0.059895833333333336 0.13425925925925927
17 0.7458333333333333 0.5509259259259259 0.11145833333333334 0.2
6 0.6848958333333334 0.4824074074074074 0.11979166666666667 0.13703703703703704
11 0.21458333333333332 0.26828703703703705 0.221875 0.5365740740740741
0 0.1109375 0.8101851851851852 0.07135416666666666 0.2037037037037037
7 0.684375 0.34444444444444444 0.052083333333333336 0.09814814814814815
2 0.4557291666666667 0.8520833333333333 0.1546875 0.2958333333333334
5 0.7244791666666667 0.2101851851851852 0.0921875 0.10277777777777777
3 0.6130208333333333 0.5842592592592593 0.06197916666666667 0.0712962962962963
11 0.7197916666666667 0.6537037037037037 0.18072916666666666 0.46111111111111114
0 0.078125 0.6407407407407407 0.084375 0.2722222222222222
