9 0.10572916666666667 0.48703703703703705 0.06614583333333333 0.1638888888888889
19 0.22864583333333333 0.2037037037037037 0.11354166666666667 0.16574074074074074
11 0.3020833333333333 0.5879629629629629 0.1484375 0.4287037037037037
0 0.8052083333333333 0.35555555555555557 0.0890625 0.20555555555555555
16 0.0828125 0.25462962962962965 0.0890625 0.11481481481481481
11 0.540625 0.39814814814814814 0.171875 0.512962962962963
16 0.3026041666666667 0.675 0.07760416666666667 0.10925925925925926
17 0.014453125 0.16296296296296298 0.02890625 0.10833333333333334
0 0.4354166666666667 0.6101851851851852 0.1 0.14166666666666666
8 0.17864583333333334 0.7509259259259259 0.08541666666666667 0.15
