5 0.4546875 0.041435185185185186 0.06875 0.08287037037037037
16 0.42239583333333336 0.2712962962962963 0.059375 0.12222222222222222
16 0.46041666666666664 0.46296296296296297 0.065625 0.1175925925925926
6 0.3692708333333333 0.30277777777777776 0.12604166666666666 0.287962962962963
11 0.9395833333333333 0.31851851851851853 0.12083333333333335 0.5287037037037037
0 0.10677083333333333 0.12662037037037036 0.11875 0.2532407407407407
11 0.5239583333333333 0.22662037037037036 0.178125 0.4532407407407407
13 0.29010416666666666 0.5037037037037037 0.08333333333333333 0.14166666666666666
18 0.38645833333333335 0.5388888888888889 0.0796875 0.16574074074074074
9 0.4041666666666667 0.44907407407407407 0.10104166666666667 0.15462962962962962
