12 0.6552083333333333 0.2962962962962963 0.04635416666666667 0.10462962962962963
13 0.5791666666666667 0.5333333333333333 0.1078125 0.16203703703703703
17 0.46145833333333336 0.6518518518518519 0.12864583333333332 0.17222222222222222
0 0.4375 0.08726851851851852 0.125 0.17453703703703705
8 0.6479166666666667 0.41759259259259257 0.1109375 0.15
0 0.972265625 0.42962962962962964 0.055468749999999956 0.23333333333333334
2 0.5447916666666667 0.11875 0.1828125 0.2375
13 0.5885416666666666 0.8462962962962963 0.08385416666666666 0.15833333333333333
1 0.48333333333333334 0.6981481481481482 0.05416666666666667 0.11296296296296296
2 0.06822916666666666 0.3787037037037037 0.13020833333333334 0.5657407407407408
