11 0.6171875 0.8599537037037037 0.178125 0.28009259259259256
11 0.9126302083333333 0.7928240740740741 0.1747395833333334 0.41435185185185186
0 0.16822916666666668 0.2916666666666667 0.07552083333333333 0.2537037037037037
15 0.44583333333333336 0.4935185185185185 0.13645833333333332 0.26481481481481484
7 0.7140625 0.6935185185185185 0.07604166666666666 0.16666666666666666
12 0.5588541666666667 0.43333333333333335 0.065625 0.15
5 0.73125 0.30925925925925923 0.078125 0.19166666666666668
0 0.7057291666666666 0.3814814814814815 0.065625 0.18425925925925926
14 0.6817708333333333 0.4398148148148148 0.05 0.12962962962962962
10 0.696875 0.7564814814814815 0.11979166666666667 0.21296296296296297
