14 0.6880208333333333 0.26666666666666666 0.065625 0.09722222222222222
4 0.6682291666666667 0.6592592592592592 0.08072916666666667 0.13055555555555556
11 0.43645833333333334 0.39537037037037037 0.1453125 0.6370370370370371
0 0.28958333333333336 0.6231481481481481 0.11354166666666667 0.19074074074074074
4 0.5864583333333333 0.6703703703703704 0.05260416666666667 0.0712962962962963
4 0.7296875 0.16944444444444445 0.10885416666666667 0.13425925925925927
3 0.9046875 0.44351851851851853 0.1171875 0.15833333333333333
5 0.8708333333333333 0.5638888888888889 0.0625 0.11018518518518519
1 0.5526041666666667 0.5435185185185185 0.1078125 0.10740740740740741
11 0.5052083333333334 0.18935185185185185 0.1375 0.3787037037037037
4 0.5135416666666667 0.6509259259259259 0.08697916666666666 0.12222222222222222
2 0.25 0.16180555555555556 0.190625 0.3236111111111111
