18 0.6109375 0.5796296296296296 0.05520833333333333 0.09814814814814815
9 0.296875 0.5416666666666666 0.090625 0.16203703703703703
0 0.6401041666666667 0.930787037037037 0.06197916666666667 0.13842592592592595
2 0.41770833333333335 0.5185185185185185 0.20208333333333334 0.524074074074074
10 0.12916666666666668 0.6259259259259259 0.06927083333333334 0.11666666666666667
1 0.18177083333333333 0.32685185185185184 0.13333333333333333 0.12314814814814815
4 0.44114583333333335 0.30277777777777776 0.11354166666666667 0.14444444444444443
8 0.4036458333333333 0.48055555555555557 0.10104166666666667 0.1648148148148148
1 0.3536458333333333 0.2388888888888889 0.0703125 0.2675925925925926
16 0.33697916666666666 0.29444444444444445 0.10104166666666667 0.18611111111111112
