10 0.24114583333333334 0.512962962962963 0.1109375 0.16203703703703703
1 0.3859375 0.9648148148148148 0.1265625 0.07037037037037042
11 0.9528645833333333 0.8344907407407407 0.0942708333333333 0.3310185185185185
2 0.275 0.1900462962962963 0.1609375 0.3800925925925926
19 0.3546875 0.23425925925925925 0.10104166666666667 0.13796296296296295
11 0.3875 0.14699074074074073 0.14166666666666666 0.29398148148148145
12 0.315625 0.8527777777777777 0.06666666666666667 0.16666666666666666
19 0.26614583333333336 0.12037037037037036 0.090625 0.2111111111111111
3 0.3807291666666667 0.2777777777777778 0.08125 0.14722222222222223
0 0.7854166666666667 0.5814814814814815 0.0953125 0.22037037037037038
