12 0.4114583333333333 0.6268518518518519 0.07135416666666666 0.09351851851851851
10 0.6776041666666667 0.5259259259259259 0.1109375 0.1574074074074074
4 0.5713541666666667 0.6222222222222222 0.10104166666666667 0.13240740740740742
0 0.9484375 0.06527777777777778 0.09427083333333333 0.13055555555555556
0 0.11614583333333334 0.7611111111111111 0.10052083333333334 0.20555555555555555
11 0.3854166666666667 0.5666666666666667 0.1671875 0.4601851851851852
18 0.5447916666666667 0.6564814814814814 0.06979166666666667 0.15185185185185185
0 0.3359375 0.9074074074074074 0.08229166666666667 0.1814814814814815
5 0.6 0.5277777777777778 0.09270833333333334 0.17962962962962964
11 0.6442708333333333 0.775 0.19427083333333334 0.44999999999999996
11 0.7755208333333333 0.7842592592592592 0.16197916666666667 0.43148148148148147
