7 0.478125 0.4962962962962963 0.09479166666666666 0.15
2 0.9587239583333333 0.8030092592592593 0.08255208333333341 0.3939814814814815
6 0.38645833333333335 0.48518518518518516 0.14322916666666666 0.17314814814814813
12 0.36614583333333334 0.6981481481481482 0.0578125 0.08611111111111111
2 0.7911458333333333 0.687962962962963 0.16614583333333333 0.45092592592592595
10 0.36614583333333334 0.5611111111111111 0.08958333333333333 0.1925925925925926
16 0.2609375 0.6268518518518519 0.0484375 0.0824074074074074
6 0.25104166666666666 0.40370370370370373 0.08541666666666667 0.15833333333333333
1 0.9135416666666667 0.6574074074074074 0.09947916666666666 0.3333333333333333
0 0.165625 0.07361111111111111 0.04895833333333333 0.14722222222222223
