6 0.5390625 0.21203703703703702 0.12083333333333333 0.17037037037037037
2 0.4041666666666667 0.7134259259259259 0.1828125 0.5731481481481482
8 0.43854166666666666 0.5407407407407407 0.08645833333333333 0.1425925925925926
2 0.07942708333333334 0.8310185185185185 0.15885416666666669 0.337962962962963
1 0.43333333333333335 0.937962962962963 0.05572916666666667 0.11666666666666667
4 0.49270833333333336 0.4564814814814815 0.09010416666666667 0.15092592592592594
7 0.44583333333333336 0.6953703703703704 0.05416666666666667 0.12962962962962962
18 0.4791666666666667 0.7361111111111112 0.0625 0.0962962962962963
13 0.49114583333333334 0.7129629629629629 0.10885416666666667 0.15092592592592594
2 0.290625 0.7490740740740741 0.153125 0.46944444444444444
0 0.8739583333333333 0.7314814814814815 0.06822916666666666 0.24444444444444444
