2 0.6635416666666667 0.3037037037037037 0.146875 0.43333333333333335
0 0.23645833333333333 0.25277777777777777 0.10520833333333333 0.21296296296296297
0 0.34791666666666665 0.4583333333333333 0.12760416666666666 0.2064814814814815
2 0.4609375 0.8157407407407407 0.19947916666666668 0.3685185185185186
13 0.7036458333333333 0.7759259259259259 0.07760416666666667 0.13333333333333333
0 0.5859375 0.6953703703703704 0.06927083333333334 0.17222222222222222
9 0.49583333333333335 0.9599537037037037 0.07708333333333334 0.0800925925925926
14 0.7791666666666667 0.4 0.059895833333333336 0.10648148148148148
9 0.5864583333333333 0.28703703703703703 0.0734375 0.12314814814814815
17 0.4921875 0.6138888888888889 0.15260416666666668 0.21944444444444444
