1 0.5953125 0.9083333333333333 0.057291666666666664 0.12407407407407407
12 0.471875 0.3861111111111111 0.09322916666666667 0.14351851851851852
9 0.4864583333333333 0.6185185185185185 0.07395833333333333 0.16574074074074074
2 0.6234375 0.6546296296296297 0.215625 0.5592592592592592
7 0.5552083333333333 0.5935185185185186 0.071875 0.14166666666666666
4 0.3375 0.44166666666666665 0.0890625 0.1574074074074074
4 0.64375 0.6722222222222223 0.08697916666666666 0.15092592592592594
1 0.03802083333333333 0.4787037037037037 0.075 0.11481481481481481
0 0.715625 0.40925925925925927 0.07760416666666667 0.2777777777777778
6 0.2760416666666667 0.5138888888888888 0.1515625 0.1824074074074074
16 0.6119791666666666 0.9064814814814814 0.08072916666666667 0.12685185185185185
