16 0.6828125 0.5648148148148148 0.09791666666666667 0.11666666666666667
0 0.7229166666666667 0.675 0.09895833333333333 0.2074074074074074
18 0.7536458333333333 0.7185185185185186 0.058333333333333334 0.08888888888888889
19 0.6515625 0.8877314814814814 0.140625 0.2245370370370371
10 0.5635416666666667 0.32222222222222224 0.08229166666666667 0.12962962962962962
0 0.13385416666666666 0.612037037037037 0.11822916666666666 0.23703703703703705
8 0.6135416666666667 0.362962962962963 0.05364583333333333 0.08981481481481482
0 0.7072916666666667 0.7814814814814814 0.09166666666666666 0.1824074074074074
9 0.3078125 0.7324074074074074 0.10677083333333333 0.17592592592592593
13 0.5307291666666667 0.5166666666666667 0.09010416666666667 0.12037037037037036
