14 0.9671875 0.9439814814814815 0.05677083333333333 0.11203703703703705
19 0.8697916666666666 0.4759259259259259 0.08541666666666667 0.15092592592592594
2 0.93046875 0.21921296296296294 0.13906249999999998 0.4384259259259259
0 0.24375 0.6555555555555556 0.07083333333333333 0.1824074074074074
19 0.8213541666666667 0.6166666666666667 0.058333333333333334 0.1
2 0.5619791666666667 0.22499999999999998 0.1609375 0.44999999999999996
14 0.5802083333333333 0.6240740740740741 0.07291666666666667 0.19166666666666668
2 0.9415364583333333 0.5824074074074074 0.11692708333333335 0.49537037037037035
7 0.6916666666666667 0.6583333333333333 0.058854166666666666 0.1962962962962963
6 0.8614583333333333 0.575 0.096875 0.16111111111111112
1 0.36875 0.09930555555555556 0.08802083333333334 0.19861111111111113
