18 0.4125 0.24259259259259258 0.0953125 0.1638888888888889
0 0.021484375 0.32222222222222224 0.04296875 0.17777777777777778
12 0.6182291666666667 0.06296296296296296 0.058333333333333334 0.11481481481481481
0 0.6895833333333333 0.22962962962962963 0.1015625 0.2814814814814815
9 0.5328125 0.6324074074074074 0.12083333333333333 0.19722222222222222
2 0.7604166666666666 0.4083333333333333 0.20104166666666667 0.5185185185185185
13 0.7682291666666666 0.7268518518518519 0.1125 0.19907407407407407
11 0.2875 0.5175925925925926 0.1640625 0.42962962962962964
14 0.5239583333333333 0.1287037037037037 0.078125 0.20462962962962963
0 0.5651041666666666 0.28425925925925927 0.10416666666666667 0.1962962962962963
