7 0.91875 0.24814814814814815 0.11458333333333333 0.10462962962962963
0 0.6369791666666667 0.6814814814814815 0.08645833333333333 0.1824074074074074
16 0.6083333333333333 0.49907407407407406 0.08541666666666667 0.15
11 0.3692708333333333 0.7828703703703703 0.2453125 0.43425925925925934
4 0.8536458333333333 0.7462962962962963 0.0796875 0.17314814814814813
12 0.8088541666666667 0.29444444444444445 0.11197916666666667 0.13796296296296295
0 0.7723958333333333 0.7972222222222223 0.10677083333333333 0.14537037037037037
4 0.6130208333333333 0.75 0.084375 0.1712962962962963
2 0.4947916666666667 0.6092592592592593 0.16979166666666667 0.5888888888888889
4 0.5963541666666666 0.5611111111111111 0.071875 0.1037037037037037
17 0.6588541666666666 0.7777777777777778 0.06927083333333334 0.1111111111111111
