18 0.28020833333333334 0.762962962962963 0.0765625 0.12222222222222222
6 0.3109375 0.4537037037037037 0.1203125 0.2759259259259259
7 0.4322916666666667 0.49537037037037035 0.08072916666666667 0.1537037037037037
1 0.31614583333333335 0.37962962962962965 0.0890625 0.1111111111111111
12 0.5442708333333334 0.5009259259259259 0.0625 0.15462962962962962
11 0.94296875 0.799074074074074 0.11406249999999996 0.4018518518518519
8 0.5208333333333334 0.5185185185185185 0.09791666666666667 0.17592592592592593
9 0.4317708333333333 0.5425925925925926 0.075 0.12222222222222222
1 0.3640625 0.07314814814814814 0.1203125 0.11851851851851852
3 0.37864583333333335 0.1527777777777778 0.09270833333333334 0.15648148148148147
0 0.7791666666666667 0.7425925925925926 0.08489583333333334 0.2324074074074074
