10 0.7885416666666667 0.20833333333333334 0.10364583333333334 0.18611111111111112
1 0.7869791666666667 0.2324074074074074 0.10885416666666667 0.10925925925925926
0 0.5453125 0.8092592592592592 0.1140625 0.16018518518518518
9 0.7635416666666667 0.6916666666666667 0.06614583333333333 0.1175925925925926
19 0.6479166666666667 0.6842592592592592 0.0734375 0.15648148148148147
10 0.775 0.27314814814814814 0.10729166666666666 0.09814814814814815
19 0.6713541666666667 0.2222222222222222 0.15833333333333333 0.23703703703703705
9 0.7953125 0.40370370370370373 0.10885416666666667 0.18425925925925926
0 0.17552083333333332 0.5814814814814815 0.0484375 0.2222222222222222
14 0.625 0.3 0.05416666666666667 0.13333333333333333
