3 0.4635416666666667 0.1685185185185185 0.0390625 0.1
2 0.19739583333333333 0.26666666666666666 0.16510416666666666 0.4287037037037037
1 0.20520833333333333 0.12222222222222222 0.07916666666666666 0.13055555555555556
0 0.909375 0.25277777777777777 0.06822916666666666 0.22962962962962963
13 0.5885416666666666 0.5203703703703704 0.05260416666666667 0.09166666666666666
8 0.5666666666666667 0.7305555555555555 0.05625 0.08981481481481482
5 0.4583333333333333 0.4888888888888889 0.07760416666666667 0.12037037037037036
18 0.5026041666666666 0.6583333333333333 0.0828125 0.14907407407407408
12 0.434375 0.6972222222222222 0.0625 0.09074074074074075
11 0.19427083333333334 0.8097222222222222 0.16822916666666668 0.38055555555555554
11 0.6776041666666667 0.825462962962963 0.16979166666666667 0.3490740740740741
0 0.4395833333333333 0.9259259259259259 0.07083333333333333 0.14814814814814814
