11 0.7348958333333333 0.811574074074074 0.17604166666666668 0.3768518518518519
13 0.27395833333333336 0.7268518518518519 0.05364583333333333 0.07222222222222222
2 0.06927083333333334 0.8358796296296296 0.13854166666666667 0.32824074074074083
7 0.41302083333333334 0.34629629629629627 0.06458333333333334 0.08148148148148149
14 0.17135416666666667 0.5101851851851852 0.075 0.11388888888888889
19 0.30104166666666665 0.325 0.0734375 0.10648148148148148
1 0.28229166666666666 0.49722222222222223 0.03333333333333333 0.09259259259259259
16 0.41041666666666665 0.5055555555555555 0.06302083333333333 0.06666666666666667
19 0.31927083333333334 0.5092592592592593 0.09739583333333333 0.13796296296296295
9 0.3802083333333333 0.6148148148148148 0.09270833333333334 0.175
