0 0.9338541666666667 0.37592592592592594 0.05364583333333333 0.18796296296296297
2 0.42552083333333335 0.2965277777777778 0.2046875 0.5930555555555556
0 0.2859375 0.44074074074074077 0.06822916666666666 0.1962962962962963
11 0.944140625 0.8157407407407407 0.11171874999999998 0.3685185185185186
14 0.5395833333333333 0.5 0.09583333333333334 0.14907407407407408
10 0.5395833333333333 0.475 0.05260416666666667 0.08148148148148149
10 0.5166666666666667 0.5268518518518519 0.1296875 0.23148148148148148
6 0.3458333333333333 0.5027777777777778 0.07604166666666666 0.10277777777777777
12 0.6192708333333333 0.14814814814814814 0.06145833333333333 0.08888888888888889
17 0.6380208333333334 0.9291666666666667 0.0890625 0.14166666666666672
