5 0.5072916666666667 0.7148148148148148 0.075 0.1814814814814815
8 0.6916666666666667 0.13425925925925927 0.07291666666666667 0.18518518518518517
17 0.60625 0.2833333333333333 0.13854166666666667 0.23703703703703705
0 0.8994791666666667 0.7861111111111111 0.0765625 0.23703703703703705
11 0.7453125 0.7532407407407408 0.17135416666666667 0.49351851851851847
19 0.3875 0.5546296296296296 0.06458333333333334 0.12222222222222222
11 0.8078125 0.5120370370370371 0.17083333333333334 0.5185185185185185
13 0.80625 0.4777777777777778 0.07604166666666666 0.12962962962962962
13 0.8026041666666667 0.35833333333333334 0.0515625 0.07222222222222222
7 0.4791666666666667 0.3351851851851852 0.10572916666666667 0.18796296296296297
2 0.8864583333333333 0.7685185185185185 0.20260416666666667 0.462962962962963
