16 0.3723958333333333 0.8240740740740741 0.07135416666666666 0.08888888888888889
6 0.3302083333333333 0.3851851851851852 0.10625 0.23148148148148148
0 0.3958333333333333 0.08425925925925926 0.06770833333333333 0.1685185185185185
7 0.33489583333333334 0.15833333333333333 0.09739583333333333 0.2037037037037037
1 0.6114583333333333 0.1574074074074074 0.1046875 0.16203703703703703
0 0.9390625 0.7916666666666666 0.1 0.2796296296296296
9 0.24010416666666667 0.46111111111111114 0.050520833333333334 0.1037037037037037
11 0.32083333333333336 0.794675925925926 0.19791666666666666 0.4106481481481482
5 0.3953125 0.8675925925925926 0.0953125 0.23055555555555557
14 0.22708333333333333 0.612037037037037 0.08541666666666667 0.1259259259259259
10 0.35260416666666666 0.7185185185185186 0.10729166666666666 0.13055555555555556
2 0.12552083333333333 0.6148148148148148 0.21666666666666667 0.5287037037037037
