0 0.2453125 0.5194444444444445 0.08020833333333334 0.16944444444444445
0 0.48854166666666665 0.7601851851851852 0.0703125 0.17592592592592593
7 0.415625 0.8074074074074075 0.07552083333333333 0.1398148148148148
16 0.5104166666666666 0.5231481481481481 0.06145833333333333 0.09166666666666666
2 0.6390625 0.3925925925925926 0.1453125 0.40555555555555556
10 0.3885416666666667 0.33611111111111114 0.12447916666666667 0.225
0 0.640625 0.8194444444444444 0.09166666666666666 0.12407407407407407
13 0.44114583333333335 0.6092592592592593 0.0828125 0.15185185185185185
6 0.3328125 0.5777777777777777 0.0859375 0.1527777777777778
13 0.3328125 0.5444444444444444 0.0546875 0.12129629629629629
12 0.3645833333333333 0.5092592592592593 0.06197916666666667 0.12685185185185185
