2 0.7364583333333333 0.5916666666666667 0.13802083333333334 0.4212962962962963
17 0.6541666666666667 0.35648148148148145 0.07708333333333334 0.1388888888888889
6 0.45416666666666666 0.5342592592592592 0.08541666666666667 0.16018518518518518
0 0.2947916666666667 0.8518518518518519 0.0921875 0.20185185185185187
11 0.5135416666666667 0.6277777777777778 0.16927083333333334 0.5583333333333333
6 0.6588541666666666 0.5388888888888889 0.10833333333333334 0.14444444444444443
10 0.44114583333333335 0.22870370370370371 0.12708333333333333 0.22777777777777777
0 0.8567708333333334 0.4064814814814815 0.078125 0.27037037037037037
13 0.5510416666666667 0.6555555555555556 0.09583333333333334 0.15833333333333333
11 0.08958333333333333 0.22175925925925927 0.16302083333333334 0.44351851851851853
1 0.20989583333333334 0.7935185185185185 0.06458333333333334 0.2518518518518518
