2 0.6010416666666667 0.3638888888888889 0.18125 0.5972222222222222
6 0.4041666666666667 0.5888888888888889 0.096875 0.16203703703703703
2 0.6677083333333333 0.8534722222222222 0.14583333333333334 0.2930555555555555
2 0.5140625 0.40185185185185185 0.20104166666666667 0.5027777777777778
15 0.42135416666666664 0.26296296296296295 0.15572916666666667 0.2611111111111111
8 0.17708333333333334 0.49166666666666664 0.07447916666666667 0.1574074074074074
12 0.2828125 0.02175925925925926 0.065625 0.04351851851851852
3 0.2630208333333333 0.2601851851851852 0.05260416666666667 0.1037037037037037
19 0.3145833333333333 0.4685185185185185 0.06302083333333333 0.14537037037037037
1 0.06393229166666667 0.9319444444444445 0.12786458333333334 0.13611111111111107
5 0.42239583333333336 0.549074074074074 0.06770833333333333 0.10555555555555556
