11 0.6447916666666667 0.524074074074074 0.21770833333333334 0.5712962962962963
0 0.3458333333333333 0.3037037037037037 0.0671875 0.24259259259259258
11 0.6229166666666667 0.6694444444444444 0.14583333333333334 0.5537037037037037
14 0.6921875 0.7472222222222222 0.08697916666666666 0.1675925925925926
9 0.35520833333333335 0.5583333333333333 0.06197916666666667 0.13518518518518519
0 0.4661458333333333 0.4824074074074074 0.14635416666666667 0.3055555555555556
0 0.6182291666666667 0.9178240740740741 0.09583333333333334 0.16435185185185186
4 0.43333333333333335 0.6925925925925925 0.08072916666666667 0.12037037037037036
17 0.45208333333333334 0.4462962962962963 0.046875 0.08055555555555556
14 0.3953125 0.7666666666666667 0.04791666666666667 0.07407407407407407
11 0.2328125 0.7333333333333333 0.15104166666666666 0.42685185185185187
19 0.6526041666666667 0.5861111111111111 0.06197916666666667 0.11944444444444445
