9 0.24375 0.55 0.06927083333333334 0.1175925925925926
16 0.409375 0.3712962962962963 0.05520833333333333 0.18888888888888888
2 0.48385416666666664 0.44722222222222224 0.1734375 0.4648148148148148
0 0.9688802083333333 0.5944444444444444 0.06223958333333335 0.20833333333333334
14 0.4 0.29907407407407405 0.08697916666666666 0.17962962962962964
3 0.3536458333333333 0.662962962962963 0.05416666666666667 0.12222222222222222
2 0.4479166666666667 0.48055555555555557 0.14635416666666667 0.40925925925925927
0 0.9782552083333333 0.13240740740740742 0.043489583333333304 0.17685185185185184
9 0.39479166666666665 0.6055555555555555 0.09427083333333333 0.17685185185185184
3 0.18802083333333333 0.5222222222222223 0.06354166666666666 0.09259259259259259
