14 0.3619791666666667 0.7157407407407408 0.08958333333333333 0.125
2 0.9315104166666667 0.13819444444444445 0.13697916666666665 0.2763888888888889
2 0.2838541666666667 0.6129629629629629 0.15416666666666667 0.4462962962962963
0 0.9791666666666667 0.7888888888888889 0.04166666666666663 0.15833333333333333
5 0.5291666666666667 0.5990740740740741 0.0921875 0.1824074074074074
13 0.5369791666666667 0.42685185185185187 0.0828125 0.17777777777777778
17 0.5161458333333333 0.47685185185185186 0.08541666666666667 0.14629629629629629
3 0.6411458333333333 0.25462962962962965 0.0671875 0.1111111111111111
0 0.46822916666666664 0.9497685185185185 0.05 0.10046296296296298
5 0.46458333333333335 0.5083333333333333 0.042708333333333334 0.0787037037037037
