5 0.5479166666666667 0.45555555555555555 0.05520833333333333 0.13333333333333333
0 0.7416666666666667 0.09282407407407407 0.12291666666666666 0.18564814814814815
6 0.4270833333333333 0.6824074074074075 0.11302083333333333 0.17777777777777778
13 0.5328125 0.35648148148148145 0.07916666666666666 0.1287037037037037
11 0.08333333333333333 0.2513888888888889 0.115625 0.5027777777777778
12 0.55625 0.5805555555555556 0.0625 0.13055555555555556
11 0.6135416666666667 0.14282407407407408 0.153125 0.28564814814814815
12 0.3020833333333333 0.9618055555555556 0.059895833333333336 0.07638888888888895
2 0.9221354166666667 0.27824074074074073 0.15572916666666659 0.5564814814814815
17 0.5036458333333333 0.3314814814814815 0.08958333333333333 0.1287037037037037
