13 0.6067708333333334 0.5287037037037037 0.08802083333333334 0.14074074074074075
3 0.5484375 0.5592592592592592 0.07395833333333333 0.09537037037037037
16 0.6197916666666666 0.5675925925925925 0.05677083333333333 0.12314814814814815
7 0.6036458333333333 0.7092592592592593 0.0734375 0.10185185185185185
0 0.4984375 0.5388888888888889 0.1 0.22037037037037038
2 0.9360677083333333 0.3164351851851852 0.1278645833333334 0.6328703703703704
17 0.5760416666666667 0.7712962962962963 0.0734375 0.11018518518518519
3 0.746875 0.5055555555555555 0.065625 0.16018518518518518
13 0.42552083333333335 0.562962962962963 0.058333333333333334 0.11944444444444445
0 0.1609375 0.9076388888888889 0.0953125 0.18472222222222223
