9 0.721875 0.40185185185185185 0.06927083333333334 0.1111111111111111
0 0.06927083333333334 0.2101851851851852 0.05520833333333333 0.23796296296296296
2 0.19322916666666667 0.4703703703703704 0.19635416666666666 0.6657407407407407
2 0.34479166666666666 0.2712962962962963 0.146875 0.42685185185185187
0 0.5802083333333333 0.4601851851851852 0.08697916666666666 0.225
8 0.85625 0.6111111111111112 0.09375 0.13703703703703704
19 0.7515625 0.537962962962963 0.16041666666666668 0.2490740740740741
6 0.7270833333333333 0.4583333333333333 0.15364583333333334 0.16666666666666666
13 0.8552083333333333 0.6296296296296297 0.071875 0.12314814814814815
11 0.4890625 0.3138888888888889 0.19895833333333332 0.5277777777777778
