8 0.5979166666666667 0.16666666666666666 0.11510416666666666 0.14722222222222223
12 0.540625 0.061342592592592594 0.1 0.12268518518518519
5 0.646875 0.3277777777777778 0.08802083333333334 0.13703703703703704
2 0.8411458333333334 0.8418981481481482 0.14427083333333332 0.31620370370370365
6 0.640625 0.36203703703703705 0.09375 0.1685185185185185
13 0.609375 0.35833333333333334 0.0984375 0.15648148148148147
4 0.5802083333333333 0.4898148148148148 0.0703125 0.12685185185185185
0 0.8880208333333334 0.2361111111111111 0.058333333333333334 0.18518518518518517
1 0.20052083333333334 0.5907407407407408 0.084375 0.10555555555555556
7 0.5479166666666667 0.3314814814814815 0.07135416666666666 0.11296296296296296
0 0.9182291666666667 0.3990740740740741 0.10833333333333334 0.2537037037037037
