0 0.7265625 0.3 0.08541666666666667 0.14351851851851852
2 0.8484375 0.5583333333333333 0.159375 0.4601851851851852
17 0.5942708333333333 0.7611111111111111 0.13385416666666666 0.16666666666666666
17 0.5713541666666667 0.5037037037037037 0.09270833333333334 0.1574074074074074
1 0.07604166666666666 0.44722222222222224 0.13697916666666668 0.19074074074074074
18 0.47239583333333335 0.7324074074074074 0.09114583333333333 0.15648148148148147
2 0.3802083333333333 0.8337962962962963 0.19010416666666666 0.3324074074074075
15 0.6333333333333333 0.7129629629629629 0.090625 0.1398148148148148
13 0.7546875 0.5268518518518519 0.07604166666666666 0.12129629629629629
13 0.4609375 0.9706018518518518 0.07864583333333333 0.058796296296296346
