11 0.8541666666666666 0.4777777777777778 0.16145833333333334 0.4287037037037037
15 0.9197916666666667 0.2962962962962963 0.115625 0.15185185185185185
12 0.7515625 0.3712962962962963 0.075 0.11018518518518519
19 0.6192708333333333 0.5 0.09947916666666666 0.18888888888888888
10 0.7036458333333333 0.5481481481481482 0.0984375 0.1537037037037037
2 0.6036458333333333 0.5222222222222223 0.1765625 0.6046296296296296
1 0.0453125 0.8444444444444444 0.08229166666666667 0.10925925925925926
11 0.8614583333333333 0.18935185185185185 0.13854166666666667 0.3787037037037037
5 0.6354166666666666 0.29074074074074074 0.096875 0.16574074074074074
17 0.621875 0.4111111111111111 0.15989583333333332 0.21944444444444444
