13 0.29739583333333336 0.3194444444444444 0.09947916666666666 0.13333333333333333
0 0.85625 0.7935185185185185 0.0921875 0.2462962962962963
10 0.4119791666666667 0.09421296296296297 0.0875 0.18842592592592594
0 0.3046875 0.2851851851851852 0.10833333333333334 0.15555555555555556
11 0.8557291666666667 0.8238425925925925 0.14895833333333333 0.35231481481481486
11 0.11354166666666667 0.23449074074074072 0.184375 0.46898148148148144
3 0.42552083333333335 0.05486111111111111 0.09114583333333333 0.10972222222222222
16 0.525 0.34814814814814815 0.11510416666666666 0.11574074074074074
13 0.5567708333333333 0.7027777777777777 0.11145833333333334 0.2490740740740741
11 0.6125 0.6666666666666666 0.128125 0.562037037037037
19 0.6182291666666667 0.46111111111111114 0.09322916666666667 0.1648148148148148
