17 0.7635416666666667 0.8611111111111112 0.0953125 0.125
8 0.703125 0.549074074074074 0.11822916666666666 0.16111111111111112
19 0.771875 0.4203703703703704 0.10625 0.17314814814814813
18 0.5848958333333333 0.5768518518518518 0.06354166666666666 0.13333333333333333
7 0.7765625 0.7074074074074074 0.09895833333333333 0.19907407407407407
11 0.6130208333333333 0.11134259259259259 0.14270833333333333 0.22268518518518518
3 0.696875 0.04236111111111111 0.07916666666666666 0.08472222222222223
2 0.6130208333333333 0.2898148148148148 0.16354166666666667 0.44351851851851853
8 0.7854166666666667 0.774074074074074 0.1 0.13703703703703704
0 0.7203125 0.2222222222222222 0.13489583333333333 0.2324074074074074
