12 0.6484375 0.3351851851851852 0.051041666666666666 0.13796296296296295
0 0.4588541666666667 0.09976851851851852 0.0875 0.19953703703703704
19 0.7229166666666667 0.35 0.11927083333333334 0.19907407407407407
0 0.671875 0.6796296296296296 0.06822916666666666 0.16666666666666666
2 0.7447916666666666 0.2465277777777778 0.140625 0.4930555555555556
2 0.34375 0.8622685185185185 0.16979166666666667 0.275462962962963
8 0.803125 0.7074074074074074 0.1109375 0.1824074074074074
0 0.7276041666666667 0.9347222222222222 0.09427083333333333 0.13055555555555554
3 0.7796875 0.4666666666666667 0.103125 0.13796296296296295
5 0.9239583333333333 0.6611111111111111 0.0859375 0.11944444444444445
3 0.6130208333333333 0.3824074074074074 0.07916666666666666 0.10277777777777777
13 0.6927083333333334 0.5175925925925926 0.0828125 0.13333333333333333
