10 0.4890625 0.44074074074074077 0.13802083333333334 0.1361111111111111
14 0.7244791666666667 0.11296296296296296 0.06614583333333333 0.17962962962962964
15 0.6442708333333333 0.32407407407407407 0.08177083333333333 0.13333333333333333
0 0.796875 0.40925925925925927 0.13229166666666667 0.30092592592592593
9 0.771875 0.6398148148148148 0.08541666666666667 0.13055555555555556
11 0.18645833333333334 0.7942129629629631 0.15729166666666666 0.411574074074074
17 0.7682291666666666 0.175 0.0671875 0.1111111111111111
13 0.6619791666666667 0.5018518518518519 0.0765625 0.13703703703703704
2 0.6927083333333334 0.5731481481481482 0.20625 0.5083333333333333
5 0.7171875 0.5185185185185185 0.05 0.07407407407407407
