2 0.06549479166666666 0.4648148148148148 0.13098958333333333 0.41574074074074074
13 0.42239583333333336 0.7611111111111111 0.10104166666666667 0.15648148148148147
17 0.19791666666666666 0.26851851851851855 0.1078125 0.15555555555555556
15 0.4234375 0.5638888888888889 0.14010416666666667 0.18518518518518517
0 0.8473958333333333 0.5722222222222222 0.06458333333333334 0.17407407407407408
5 0.2921875 0.7 0.08645833333333333 0.17407407407407408
2 0.825 0.34444444444444444 0.2046875 0.49722222222222223
10 0.3125 0.9136574074074073 0.12395833333333334 0.17268518518518527
9 0.44635416666666666 0.30185185185185187 0.058854166666666666 0.0712962962962963
11 0.48020833333333335 0.8555555555555556 0.1265625 0.28888888888888886
