0 0.7151041666666667 0.3453703703703704 0.09166666666666666 0.16018518518518518
11 0.4276041666666667 0.6101851851851852 0.16354166666666667 0.4148148148148148
0 0.6302083333333334 0.9182870370370371 0.12864583333333332 0.16342592592592597
0 0.7057291666666666 0.8546296296296296 0.14010416666666667 0.21851851851851853
8 0.3536458333333333 0.46944444444444444 0.06354166666666666 0.09166666666666666
14 0.43645833333333334 0.3277777777777778 0.08854166666666667 0.14907407407407408
10 0.4578125 0.5342592592592592 0.159375 0.2611111111111111
19 0.40260416666666665 0.6231481481481481 0.0890625 0.16666666666666666
11 0.4166666666666667 0.8537037037037037 0.14635416666666667 0.2925925925925925
19 0.34427083333333336 0.43796296296296294 0.11666666666666667 0.2388888888888889
6 0.28489583333333335 0.662962962962963 0.14739583333333334 0.2537037037037037
