0 0.871875 0.3768518518518518 0.07604166666666666 0.262037037037037
2 0.07421875 0.7791666666666667 0.1484375 0.44166666666666665
4 0.7713541666666667 0.2518518518518518 0.06666666666666667 0.12129629629629629
10 0.78125 0.525 0.10729166666666666 0.17222222222222222
0 0.8223958333333333 0.9335648148148148 0.07604166666666666 0.13287037037037042
18 0.6901041666666666 0.028703703703703703 0.05364583333333333 0.05740740740740741
2 0.6041666666666666 0.4361111111111111 0.16197916666666667 0.6574074074074074
4 0.7104166666666667 0.3055555555555556 0.0859375 0.14351851851851852
3 0.7270833333333333 0.37407407407407406 0.09895833333333333 0.125
6 0.6713541666666667 0.05347222222222223 0.103125 0.10694444444444445
2 0.575 0.3002314814814815 0.17760416666666667 0.600462962962963
