4 0.6088541666666667 0.17037037037037037 0.1203125 0.21944444444444444
0 0.5692708333333333 0.22037037037037038 0.14583333333333334 0.23981481481481481
7 0.6421875 0.1685185185185185 0.0390625 0.13333333333333333
18 0.7390625 0.5546296296296296 0.07552083333333333 0.13703703703703704
0 0.5526041666666667 0.8518518518518519 0.0515625 0.1638888888888889
3 0.7526041666666666 0.09259259259259259 0.0671875 0.1425925925925926
11 0.9438802083333333 0.7902777777777779 0.11223958333333339 0.4194444444444444
2 0.2125 0.23148148148148148 0.13020833333333334 0.3851851851851852
2 0.6541666666666667 0.4027777777777778 0.19375 0.6824074074074075
1 0.7333333333333333 0.7657407407407407 0.08645833333333333 0.12129629629629629
