11 0.7364583333333333 0.4675925925925926 0.19739583333333333 0.5055555555555555
0 0.6963541666666667 0.43703703703703706 0.06822916666666666 0.21203703703703702
14 0.7286458333333333 0.13796296296296295 0.096875 0.2111111111111111
7 0.6598958333333333 0.5953703703703703 0.07708333333333334 0.1685185185185185
0 0.09322916666666667 0.13703703703703704 0.13020833333333334 0.21203703703703702
0 0.7328125 0.9222222222222223 0.103125 0.15555555555555556
19 0.7859375 0.2722222222222222 0.06041666666666667 0.1175925925925926
12 0.8057291666666667 0.5601851851851852 0.078125 0.15185185185185185
6 0.7078125 0.24259259259259258 0.06354166666666666 0.12129629629629629
8 0.7098958333333333 0.8037037037037037 0.12291666666666666 0.1685185185185185
2 0.321875 0.5212962962962963 0.165625 0.5722222222222222
