14 0.16979166666666667 0.4925925925925926 0.08385416666666666 0.13333333333333333
9 0.1171875 0.8824074074074074 0.065625 0.1398148148148148
0 0.07760416666666667 0.6259259259259259 0.075 0.17407407407407408
11 0.6020833333333333 0.7960648148148148 0.2203125 0.4078703703703703
7 0.3932291666666667 0.700925925925926 0.06302083333333333 0.11388888888888889
15 0.18125 0.4527777777777778 0.11979166666666667 0.18518518518518517
2 0.890625 0.7180555555555556 0.13385416666666666 0.5638888888888889
0 0.5921875 0.6074074074074074 0.15625 0.225
11 0.9368489583333333 0.7277777777777777 0.12630208333333337 0.5444444444444445
3 0.31927083333333334 0.387037037037037 0.10416666666666667 0.18796296296296297
