7 0.7265625 0.4935185185185185 0.12916666666666668 0.1814814814814815
2 0.7020833333333333 0.8546296296296296 0.1671875 0.29074074074074074
18 0.9015625 0.3509259259259259 0.10520833333333333 0.19814814814814816
6 0.753125 0.5981481481481481 0.09791666666666667 0.11944444444444445
18 0.8984375 0.49537037037037035 0.08489583333333334 0.16944444444444445
16 0.9858072916666667 0.4361111111111111 0.02838541666666672 0.10462962962962963
13 0.6255208333333333 0.4898148148148148 0.1140625 0.2064814814814815
2 0.05078125 0.5444444444444444 0.1015625 0.5074074074074074
0 0.043229166666666666 0.8858796296296296 0.08020833333333334 0.22824074074074074
2 0.8864583333333333 0.85 0.19635416666666666 0.30000000000000004
