5 0.8307291666666666 0.6592592592592592 0.07083333333333333 0.10092592592592593
2 0.7666666666666667 0.27314814814814814 0.18541666666666667 0.5462962962962963
0 0.35989583333333336 0.6111111111111112 0.096875 0.2101851851851852
16 0.7755208333333333 0.29907407407407405 0.07239583333333334 0.1814814814814815
3 0.4984375 0.637962962962963 0.09739583333333333 0.12685185185185185
7 0.8125 0.3277777777777778 0.04739583333333333 0.08425925925925926
14 0.5994791666666667 0.5527777777777778 0.084375 0.13425925925925927
0 0.284375 0.5675925925925925 0.15260416666666668 0.20925925925925926
0 0.31354166666666666 0.3851851851851852 0.1046875 0.2388888888888889
2 0.070703125 0.825 0.14140625 0.3500000000000001
