13 0.23802083333333332 0.5962962962962963 0.109375 0.20925925925925926
5 0.12708333333333333 0.6685185185185185 0.058854166666666666 0.13240740740740742
10 0.22864583333333333 0.49166666666666664 0.0921875 0.1574074074074074
5 0.26510416666666664 0.22407407407407406 0.084375 0.11944444444444445
2 0.9365885416666667 0.21921296296296294 0.12682291666666656 0.4384259259259259
11 0.6057291666666667 0.4675925925925926 0.1703125 0.6527777777777778
5 0.21614583333333334 0.3101851851851852 0.08177083333333333 0.14814814814814814
17 0.012239583333333333 0.5601851851851852 0.024479166666666666 0.07962962962962963
0 0.10729166666666666 0.55 0.08020833333333334 0.175
0 0.5989583333333334 0.8842592592592593 0.06770833333333333 0.13796296296296295
0 0.3067708333333333 0.11481481481481481 0.04895833333333333 0.21944444444444444
6 0.30416666666666664 0.7888888888888889 0.06770833333333333 0.11388888888888889
