1 0.39479166666666665 0.2064814814814815 0.07135416666666666 0.125
0 0.050520833333333334 0.7333333333333333 0.0546875 0.18796296296296297
3 0.6776041666666667 0.44722222222222224 0.11510416666666666 0.12777777777777777
11 0.4390625 0.20069444444444445 0.16927083333333334 0.4013888888888889
9 0.6182291666666667 0.5148148148148148 0.07083333333333333 0.11944444444444445
4 0.69375 0.5268518518518519 0.05520833333333333 0.08796296296296297
2 0.939453125 0.1849537037037037 0.12109375 0.3699074074074074
0 0.8942708333333333 0.6166666666666667 0.1234375 0.17962962962962964
13 0.7098958333333333 0.3527777777777778 0.090625 0.12777777777777777
10 0.6916666666666667 0.055092592592592596 0.13125 0.11018518518518519
2 0.8177083333333334 0.8432870370370371 0.171875 0.3134259259259259
