0 0.084375 0.12777777777777777 0.05625 0.25555555555555554
0 0.5770833333333333 0.39351851851851855 0.16197916666666667 0.22314814814814815
3 0.6661458333333333 0.4888888888888889 0.06302083333333333 0.1537037037037037
11 0.6364583333333333 0.30972222222222223 0.19427083333333334 0.6194444444444445
19 0.4265625 0.7185185185185186 0.10208333333333333 0.16111111111111112
18 0.6390625 0.37222222222222223 0.08177083333333333 0.14722222222222223
11 0.1484375 0.4222222222222222 0.16458333333333333 0.45740740740740743
9 0.4166666666666667 0.25092592592592594 0.06302083333333333 0.10092592592592593
14 0.6015625 0.48055555555555557 0.06145833333333333 0.12314814814814815
19 0.4354166666666667 0.04861111111111111 0.171875 0.09722222222222222
0 0.628125 0.18333333333333332 0.09895833333333333 0.11203703703703703
