4 0.6234375 0.5861111111111111 0.09322916666666667 0.12962962962962962
6 0.49635416666666665 0.4925925925925926 0.09427083333333333 0.15833333333333333
0 0.953125 0.9125 0.07760416666666667 0.17500000000000004
11 0.4005208333333333 0.5787037037037037 0.16510416666666666 0.5175925925925926
0 0.4869791666666667 0.13055555555555556 0.11197916666666667 0.19537037037037036
2 0.058333333333333334 0.7518518518518519 0.11666666666666667 0.4787037037037037
12 0.7166666666666667 0.31203703703703706 0.10208333333333333 0.14722222222222223
2 0.334375 0.3675925925925926 0.15729166666666666 0.5861111111111111
0 0.7385416666666667 0.12685185185185185 0.08177083333333333 0.2212962962962963
19 0.6447916666666667 0.9259259259259259 0.06822916666666666 0.13425925925925927
16 0.6166666666666667 0.5601851851851852 0.10260416666666666 0.13518518518518519
