0 0.9666666666666666 0.7388888888888889 0.06666666666666676 0.1787037037037037
8 0.8192708333333333 0.16018518518518518 0.08489583333333334 0.16574074074074074
15 0.5713541666666667 0.037731481481481484 0.08697916666666666 0.07546296296296297
18 0.7541666666666667 0.28425925925925927 0.0640625 0.12407407407407407
3 0.6401041666666667 0.26851851851851855 0.10052083333333334 0.13240740740740742
11 0.6635416666666667 0.782175925925926 0.16145833333333334 0.4356481481481481
2 0.7614583333333333 0.6074074074074074 0.19114583333333332 0.5703703703703704
16 0.7463541666666667 0.05092592592592592 0.09583333333333334 0.10185185185185185
1 0.9647135416666667 0.7851851851851852 0.07057291666666665 0.18055555555555555
3 0.39791666666666664 0.27037037037037037 0.06302083333333333 0.1712962962962963
0 0.2609375 0.5944444444444444 0.090625 0.2611111111111111
