16 0.41510416666666666 0.41388888888888886 0.0796875 0.16111111111111112
8 0.3296875 0.47314814814814815 0.140625 0.18425925925925926
9 0.42239583333333336 0.5212962962962963 0.0734375 0.1787037037037037
1 0.22916666666666666 0.3907407407407407 0.07395833333333333 0.14537037037037037
1 0.8171875 0.35555555555555557 0.16770833333333332 0.2324074074074074
1 0.8796875 0.21481481481481482 0.09166666666666666 0.0962962962962963
4 0.56875 0.39814814814814814 0.0734375 0.1175925925925926
19 0.3963541666666667 0.6333333333333333 0.1078125 0.17222222222222222
16 0.43072916666666666 0.3675925925925926 0.057291666666666664 0.15
9 0.45208333333333334 0.812037037037037 0.09739583333333333 0.14537037037037037
