15 0.43697916666666664 0.35462962962962963 0.1 0.16574074074074074
11 0.6015625 0.5 0.15520833333333334 0.48333333333333334
11 0.6276041666666666 0.38425925925925924 0.134375 0.5953703703703703
7 0.5760416666666667 0.7138888888888889 0.07864583333333333 0.14166666666666666
10 0.4348958333333333 0.5712962962962963 0.07135416666666666 0.1
7 0.44375 0.5435185185185185 0.06197916666666667 0.07962962962962963
0 0.45729166666666665 0.2935185185185185 0.07395833333333333 0.19814814814814816
8 0.39739583333333334 0.4222222222222222 0.11145833333333334 0.1685185185185185
18 0.459375 0.7648148148148148 0.058854166666666666 0.1037037037037037
7 0.5213541666666667 0.3138888888888889 0.07239583333333334 0.16018518518518518
2 0.384375 0.5083333333333333 0.16145833333333334 0.47962962962962963
