15 0.6390625 0.8435185185185186 0.07291666666666667 0.10185185185185185
4 0.70625 0.29907407407407405 0.09583333333333334 0.1638888888888889
7 0.7854166666666667 0.5416666666666666 0.0640625 0.08425925925925926
18 0.6911458333333333 0.8138888888888889 0.06822916666666666 0.1
0 0.8348958333333333 0.11944444444444445 0.1359375 0.2101851851851852
0 0.34010416666666665 0.8787037037037037 0.07604166666666666 0.23425925925925925
9 0.8984375 0.3194444444444444 0.06197916666666667 0.11018518518518519
0 0.078125 0.35833333333333334 0.06354166666666666 0.13703703703703704
6 0.809375 0.19537037037037036 0.10885416666666667 0.1537037037037037
19 0.74375 0.7796296296296297 0.09635416666666667 0.16018518518518518
