1 0.8401041666666667 0.7351851851851852 0.06354166666666666 0.20277777777777778
1 0.3296875 0.924074074074074 0.090625 0.1259259259259259
14 0.8609375 0.6212962962962963 0.05572916666666667 0.12685185185185185
0 0.234375 0.8111111111111111 0.0984375 0.23333333333333334
14 0.7901041666666667 0.5740740740740741 0.071875 0.13703703703703704
16 0.5963541666666666 0.6574074074074074 0.075 0.15925925925925927
3 0.615625 0.8555555555555555 0.040625 0.09166666666666666
10 0.7791666666666667 0.5388888888888889 0.14583333333333334 0.17962962962962964
13 0.8453125 0.8916666666666667 0.06197916666666667 0.10555555555555556
12 0.6307291666666667 0.4074074074074074 0.07916666666666666 0.10555555555555556
