9 0.35833333333333334 0.6620370370370371 0.050520833333333334 0.08425925925925926
2 0.5708333333333333 0.43796296296296294 0.15572916666666667 0.4388888888888889
1 0.30833333333333335 0.18425925925925926 0.1078125 0.21574074074074073
3 0.5166666666666667 0.8388888888888889 0.10572916666666667 0.1425925925925926
17 0.5135416666666667 0.6620370370370371 0.11979166666666667 0.1675925925925926
8 0.47291666666666665 0.7388888888888889 0.14895833333333333 0.19537037037037036
0 0.32864583333333336 0.6 0.09739583333333333 0.2111111111111111
2 0.6427083333333333 0.5481481481481482 0.20989583333333334 0.562962962962963
2 0.5536458333333333 0.6768518518518518 0.146875 0.4583333333333333
3 0.3697916666666667 0.5138888888888888 0.0703125 0.17777777777777778
