5 0.6760416666666667 0.3731481481481482 0.07239583333333334 0.06574074074074074
3 0.8536458333333333 0.9009259259259259 0.06145833333333333 0.1037037037037037
16 0.7630208333333334 0.43703703703703706 0.12135416666666667 0.20833333333333334
8 0.8546875 0.687037037037037 0.06302083333333333 0.09814814814814815
17 0.7901041666666667 0.6324074074074074 0.09010416666666667 0.1537037037037037
2 0.18541666666666667 0.7143518518518519 0.18385416666666668 0.5712962962962963
0 0.11875 0.30092592592592593 0.06510416666666667 0.14722222222222223
18 0.596875 0.7324074074074074 0.058333333333333334 0.08148148148148149
0 0.7057291666666666 0.1527777777777778 0.11354166666666667 0.21203703703703702
0 0.9692708333333333 0.07222222222222222 0.06145833333333328 0.14444444444444443
2 0.6067708333333334 0.24375000000000002 0.184375 0.48750000000000004
11 0.7255208333333333 0.7819444444444444 0.16041666666666668 0.4361111111111111
10 0.8911458333333333 0.36574074074074076 0.06458333333333334 0.175
