3 0.09427083333333333 0.40555555555555556 0.09635416666666667 0.16111111111111112
0 0.038802083333333334 0.5972222222222222 0.07760416666666667 0.2111111111111111
11 0.2421875 0.1872685185185185 0.12916666666666668 0.374537037037037
19 0.22760416666666666 0.36018518518518516 0.153125 0.2953703703703704
10 0.35 0.15 0.19114583333333332 0.22592592592592592
17 0.2546875 0.3416666666666667 0.06979166666666667 0.09074074074074075
0 0.35520833333333335 0.5842592592592593 0.0828125 0.13240740740740742
0 0.6052083333333333 0.6212962962962963 0.06145833333333333 0.20092592592592592
8 0.4088541666666667 0.49537037037037035 0.07864583333333333 0.1537037037037037
14 0.13854166666666667 0.712037037037037 0.07447916666666667 0.14444444444444443
7 0.20677083333333332 0.2962962962962963 0.10625 0.17314814814814813
