8 0.20208333333333334 0.28425925925925927 0.06614583333333333 0.13240740740740742
1 0.25677083333333334 0.7824074074074074 0.0953125 0.11666666666666667
10 0.48489583333333336 0.5907407407407408 0.08333333333333333 0.21666666666666667
0 0.5973958333333333 0.6444444444444445 0.12239583333333333 0.27870370370370373
5 0.53125 0.6657407407407407 0.04739583333333333 0.125
19 0.37604166666666666 0.38796296296296295 0.1734375 0.2564814814814815
10 0.26875 0.12129629629629629 0.09791666666666667 0.14351851851851852
3 0.2677083333333333 0.3333333333333333 0.07552083333333333 0.09537037037037037
12 0.4359375 0.34814814814814815 0.06666666666666667 0.16018518518518518
1 0.5520833333333334 0.7592592592592593 0.11875 0.16574074074074074
