17 0.38958333333333334 0.15925925925925927 0.06302083333333333 0.09814814814814815
11 0.929296875 0.5268518518518519 0.14140624999999996 0.49537037037037035
2 0.7713541666666667 0.1550925925925926 0.1671875 0.3101851851851852
1 0.9596354166666667 0.37962962962962965 0.08072916666666663 0.23703703703703705
4 0.4791666666666667 0.23981481481481481 0.08072916666666667 0.1175925925925926
17 0.4765625 0.3888888888888889 0.08541666666666667 0.15
5 0.615625 0.33611111111111114 0.075 0.20833333333333334
9 0.10520833333333333 0.5861111111111111 0.05260416666666667 0.09907407407407408
18 0.45729166666666665 0.1638888888888889 0.09270833333333334 0.17407407407407408
6 0.36354166666666665 0.42777777777777776 0.09010416666666667 0.18425925925925926
0 0.944140625 0.19444444444444445 0.11171874999999998 0.2675925925925926
