8 0.6651041666666667 0.42685185185185187 0.06875 0.09907407407407408
2 0.8770833333333333 0.2722222222222222 0.18229166666666666 0.4777777777777778
15 0.6713541666666667 0.45 0.0828125 0.15092592592592594
0 0.5171875 0.14814814814814814 0.08125 0.29259259259259257
5 0.946875 0.8425925925925926 0.04479166666666667 0.12407407407407407
2 0.584375 0.805787037037037 0.20364583333333333 0.38842592592592595
10 0.7494791666666667 0.675 0.08072916666666667 0.1787037037037037
19 0.7197916666666667 0.7583333333333333 0.16197916666666667 0.16111111111111112
0 0.7182291666666667 0.862037037037037 0.06145833333333333 0.1814814814814815
11 0.6770833333333334 0.7583333333333333 0.13177083333333334 0.48055555555555557
5 0.8911458333333333 0.4324074074074074 0.06927083333333334 0.1037037037037037
