12 0.6796875 0.3425925925925926 0.0953125 0.13518518518518519
2 0.8192708333333333 0.5120370370370371 0.17447916666666666 0.4583333333333333
4 0.7213541666666666 0.412962962962963 0.12395833333333334 0.1388888888888889
17 0.6973958333333333 0.04398148148148148 0.1296875 0.08796296296296297
18 0.8322916666666667 0.5222222222222223 0.07239583333333334 0.14814814814814814
0 0.484375 0.6555555555555556 0.14166666666666666 0.2935185185185185
17 0.6354166666666666 0.38055555555555554 0.08072916666666667 0.18425925925925926
0 0.4947916666666667 0.15555555555555556 0.1078125 0.16111111111111112
2 0.44166666666666665 0.3574074074074074 0.15052083333333333 0.42407407407407405
12 0.6520833333333333 0.4666666666666667 0.05416666666666667 0.12407407407407407
0 0.9177083333333333 0.3675925925925926 0.07447916666666667 0.21944444444444444
