0 0.6447916666666667 0.7555555555555555 0.041666666666666664 0.1712962962962963
16 0.6765625 0.5148148148148148 0.08229166666666667 0.21296296296296297
11 0.5578125 0.31666666666666665 0.19583333333333333 0.49907407407407406
7 0.8223958333333333 0.4185185185185185 0.09375 0.1712962962962963
7 0.7651041666666667 0.47314814814814815 0.08333333333333333 0.14907407407407408
16 0.6333333333333333 0.17314814814814813 0.11822916666666666 0.19907407407407407
4 0.7984375 0.5166666666666667 0.05572916666666667 0.09444444444444444
0 0.4453125 0.4222222222222222 0.07604166666666666 0.20462962962962963
6 0.7229166666666667 0.3333333333333333 0.08072916666666667 0.15185185185185185
6 0.7015625 0.4388888888888889 0.12760416666666666 0.16574074074074074
1 0.17395833333333333 0.09722222222222222 0.06510416666666667 0.19444444444444445
