8 0.6171875 0.4388888888888889 0.07135416666666666 0.11296296296296296
2 0.325 0.8736111111111111 0.16510416666666666 0.25277777777777777
3 0.64375 0.4324074074074074 0.05625 0.13148148148148148
12 0.3723958333333333 0.6018518518518519 0.07239583333333334 0.10092592592592593
11 0.6541666666666667 0.30185185185185187 0.153125 0.5259259259259259
0 0.453125 0.6990740740740741 0.11302083333333333 0.3138888888888889
0 0.03802083333333333 0.08055555555555556 0.07604166666666666 0.16111111111111112
11 0.9130208333333333 0.6509259259259259 0.15208333333333332 0.46296296296296297
0 0.4296875 0.7166666666666667 0.09270833333333334 0.22777777777777777
17 0.815625 0.5157407407407407 0.07552083333333333 0.11481481481481481
13 0.34479166666666666 0.3074074074074074 0.07864583333333333 0.1361111111111111
10 0.36666666666666664 0.412962962962963 0.10364583333333334 0.15185185185185185
15 0.6583333333333333 0.22037037037037038 0.0984375 0.17777777777777778
