2 0.190625 0.5166666666666667 0.165625 0.5842592592592593
3 0.5494791666666666 0.6527777777777778 0.06197916666666667 0.1361111111111111
11 0.40208333333333335 0.7361111111111112 0.1484375 0.5
3 0.7723958333333333 0.6805555555555556 0.07447916666666667 0.16574074074074074
18 0.6078125 0.6388888888888888 0.0546875 0.08703703703703704
1 0.31145833333333334 0.3574074074074074 0.08541666666666667 0.20185185185185187
0 0.928125 0.12685185185185185 0.07291666666666667 0.21203703703703702
0 0.715625 0.09305555555555556 0.078125 0.18611111111111112
17 0.784375 0.6037037037037037 0.057291666666666664 0.10833333333333334
11 0.35885416666666664 0.3592592592592593 0.13802083333333334 0.3962962962962963
