4 0.04635416666666667 0.19537037037037036 0.09270833333333334 0.21296296296296297
17 0.35260416666666666 0.6953703703703704 0.05260416666666667 0.1111111111111111
2 0.19947916666666668 0.7935185185185185 0.16041666666666668 0.412962962962963
8 0.3770833333333333 0.22314814814814815 0.07552083333333333 0.13425925925925927
11 0.25416666666666665 0.42962962962962964 0.21145833333333333 0.6824074074074075
12 0.334375 0.5703703703703704 0.0828125 0.13518518518518519
15 0.20052083333333334 0.562962962962963 0.12760416666666666 0.1712962962962963
0 0.37135416666666665 0.11481481481481481 0.10572916666666667 0.175
0 0.9114583333333334 0.687037037037037 0.10677083333333333 0.21574074074074073
12 0.3567708333333333 0.5148148148148148 0.06770833333333333 0.09537037037037037
7 0.12447916666666667 0.49444444444444446 0.13958333333333334 0.1675925925925926
