8 0.3359375 0.30833333333333335 0.12447916666666667 0.17407407407407408
0 0.6088541666666667 0.12222222222222222 0.08645833333333333 0.23425925925925925
16 0.45364583333333336 0.28703703703703703 0.0828125 0.1574074074074074
15 0.2765625 0.43148148148148147 0.1734375 0.2111111111111111
12 0.40625 0.5453703703703704 0.09322916666666667 0.16203703703703703
15 0.553125 0.7185185185185186 0.07708333333333334 0.13240740740740742
1 0.2604166666666667 0.39351851851851855 0.046875 0.08055555555555556
19 0.371875 0.24166666666666667 0.06770833333333333 0.10555555555555556
2 0.503125 0.4722222222222222 0.1546875 0.4564814814814815
17 0.4234375 0.5564814814814815 0.1125 0.14629629629629629
2 0.778125 0.7740740740740741 0.2125 0.45185185185185184
