6 0.515625 0.7518518518518519 0.11614583333333334 0.20555555555555555
4 0.5046875 0.9435185185185185 0.06354166666666666 0.09351851851851851
10 0.41875 0.5731481481481482 0.13385416666666666 0.17037037037037037
3 0.35 0.5166666666666667 0.0609375 0.08055555555555556
18 0.32135416666666666 0.5333333333333333 0.0546875 0.09814814814814815
11 0.6328125 0.8696759259259259 0.17135416666666667 0.2606481481481482
17 0.6557291666666667 0.837037037037037 0.1765625 0.2574074074074074
0 0.6510416666666666 0.9530092592592593 0.09947916666666666 0.09398148148148144
2 0.14739583333333334 0.8229166666666667 0.18177083333333333 0.35416666666666663
19 0.46927083333333336 0.14722222222222223 0.12291666666666666 0.19074074074074074
