16 0.7276041666666667 0.30092592592592593 0.11197916666666667 0.1962962962962963
18 0.8598958333333333 0.25925925925925924 0.1015625 0.25462962962962965
0 0.43333333333333335 0.662962962962963 0.08541666666666667 0.22962962962962963
4 0.56875 0.15185185185185185 0.06145833333333333 0.08425925925925926
10 0.7447916666666666 0.2740740740740741 0.043229166666666666 0.09907407407407408
9 0.6364583333333333 0.47314814814814815 0.09635416666666667 0.15925925925925927
17 0.6901041666666666 0.3972222222222222 0.08020833333333334 0.14629629629629629
0 0.8635416666666667 0.44074074074074077 0.11458333333333333 0.2962962962962963
12 0.5619791666666667 0.5694444444444444 0.07604166666666666 0.1648148148148148
2 0.4328125 0.48518518518518516 0.17708333333333334 0.6398148148148148
