11 0.8963541666666667 0.8388888888888889 0.18125 0.3222222222222222
5 0.6041666666666666 0.4388888888888889 0.09322916666666667 0.14722222222222223
15 0.5645833333333333 0.42685185185185187 0.09166666666666666 0.14907407407407408
10 0.5510416666666667 0.6 0.1625 0.21851851851851853
0 0.5875 0.13402777777777777 0.0890625 0.26805555555555555
11 0.08033854166666667 0.7960648148148148 0.16067708333333333 0.4078703703703703
18 0.4640625 0.29074074074074074 0.07916666666666666 0.15555555555555556
4 0.46822916666666664 0.4064814814814815 0.084375 0.13055555555555556
14 0.44479166666666664 0.42685185185185187 0.059895833333333336 0.15185185185185185
16 0.5859375 0.525 0.057291666666666664 0.07777777777777778
11 0.4317708333333333 0.1611111111111111 0.17760416666666667 0.3222222222222222
