2 0.2328125 0.8627314814814815 0.1375 0.274537037037037
4 0.6484375 0.5166666666666667 0.08645833333333333 0.14814814814814814
5 0.7666666666666667 0.3074074074074074 0.06927083333333334 0.10277777777777777
5 0.6984375 0.6518518518518519 0.06666666666666667 0.11944444444444445
11 0.34375 0.2046296296296296 0.16822916666666668 0.4092592592592592
0 0.3854166666666667 0.37962962962962965 0.09010416666666667 0.23333333333333334
16 0.8125 0.5787037037037037 0.10052083333333334 0.1814814814814815
19 0.8729166666666667 0.9425925925925926 0.153125 0.11481481481481481
9 0.7755208333333333 0.30833333333333335 0.0890625 0.1361111111111111
2 0.07265625 0.549074074074074 0.1453125 0.5462962962962963
6 0.6145833333333334 0.22685185185185186 0.13229166666666667 0.21944444444444444
0 0.34010416666666665 0.762962962962963 0.0828125 0.1425925925925926
