13 0.7239583333333334 0.1638888888888889 0.07864583333333333 0.15
3 0.8177083333333334 0.17314814814814813 0.07708333333333334 0.09814814814814815
11 0.15625 0.34444444444444444 0.13854166666666667 0.41203703703703703
0 0.8911458333333333 0.13078703703703703 0.08229166666666667 0.26157407407407407
11 0.2598958333333333 0.14675925925925926 0.1359375 0.2935185185185185
18 0.7677083333333333 0.45925925925925926 0.08385416666666666 0.12407407407407407
4 0.9529947916666666 0.5342592592592592 0.09401041666666676 0.18796296296296297
4 0.6776041666666667 0.5018518518518519 0.0953125 0.16111111111111112
13 0.7380208333333333 0.900462962962963 0.1234375 0.19907407407407407
1 0.90625 0.6092592592592593 0.15416666666666667 0.13518518518518519
