7 0.5609375 0.6037037037037037 0.065625 0.18333333333333332
1 0.7015625 0.2537037037037037 0.1703125 0.18055555555555555
10 0.5651041666666666 0.30185185185185187 0.0796875 0.15648148148148147
11 0.2916666666666667 0.19768518518518519 0.14375 0.39537037037037037
17 0.784375 0.35 0.06979166666666667 0.09814814814814815
11 0.7052083333333333 0.65 0.19375 0.6657407407407407
2 0.12291666666666666 0.7351851851851852 0.1484375 0.43703703703703706
15 0.3885416666666667 0.5055555555555555 0.07708333333333334 0.1259259259259259
17 0.5135416666666667 0.1648148148148148 0.1109375 0.13796296296296295
19 0.5567708333333333 0.7722222222222223 0.09895833333333333 0.14814814814814814
0 0.016015625000000002 0.40370370370370373 0.032031250000000004 0.20555555555555555
15 0.6984375 0.7648148148148148 0.13802083333333334 0.26296296296296295
0 0.571875 0.10277777777777777 0.13489583333333333 0.20555555555555555
