9 0.546875 0.7694444444444445 0.05625 0.09722222222222222
1 0.13854166666666667 0.287962962962963 0.11875 0.10092592592592593
14 0.43020833333333336 0.3611111111111111 0.06197916666666667 0.15462962962962962
3 0.7125 0.7796296296296297 0.06822916666666666 0.16203703703703703
0 0.2296875 0.6231481481481481 0.1515625 0.23981481481481481
11 0.07630208333333333 0.24907407407407406 0.15260416666666665 0.4981481481481481
8 0.25416666666666665 0.25277777777777777 0.0625 0.12037037037037036
5 0.5739583333333333 0.6537037037037037 0.08645833333333333 0.13796296296296295
7 0.5015625 0.5611111111111111 0.0578125 0.13333333333333333
1 0.6578125 0.10185185185185185 0.096875 0.18611111111111112
2 0.9529947916666666 0.42685185185185187 0.09401041666666676 0.4212962962962963
