12 0.4390625 0.5722222222222222 0.04479166666666667 0.10092592592592593
16 0.3697916666666667 0.6694444444444444 0.11197916666666667 0.10833333333333334
0 0.08854166666666667 0.2 0.0765625 0.2222222222222222
2 0.5213541666666667 0.1324074074074074 0.14947916666666666 0.2648148148148148
0 0.0828125 0.11944444444444445 0.0578125 0.16666666666666666
10 0.4119791666666667 0.5222222222222223 0.10208333333333333 0.1935185185185185
2 0.2640625 0.5842592592592593 0.165625 0.6203703703703703
17 0.14114583333333333 0.6231481481481481 0.09270833333333334 0.1787037037037037
11 0.9365885416666667 0.6759259259259259 0.12682291666666656 0.43703703703703706
0 0.6276041666666666 0.3175925925925926 0.05364583333333333 0.18055555555555555
