1 0.6291666666666667 0.4685185185185185 0.06458333333333334 0.16203703703703703
18 0.46041666666666664 0.5805555555555556 0.09166666666666666 0.14722222222222223
10 0.46510416666666665 0.5157407407407407 0.17291666666666666 0.2351851851851852
13 0.6583333333333333 0.6148148148148148 0.08958333333333333 0.12222222222222222
11 0.3177083333333333 0.22777777777777777 0.16145833333333334 0.4148148148148148
16 0.5041666666666667 0.649074074074074 0.09635416666666667 0.23055555555555557
11 0.08802083333333334 0.49444444444444446 0.16041666666666668 0.46296296296296297
18 0.49322916666666666 0.9798611111111111 0.04635416666666667 0.040277777777777746
0 0.09166666666666666 0.6981481481481482 0.10416666666666667 0.21944444444444444
11 0.7036458333333333 0.5194444444444445 0.15885416666666666 0.5685185185185185
