11 0.3015625 0.32592592592592595 0.1828125 0.5824074074074074
18 0.5453125 0.32685185185185184 0.06927083333333334 0.13703703703703704
5 0.5552083333333333 0.2861111111111111 0.065625 0.16666666666666666
8 0.31927083333333334 0.3611111111111111 0.08020833333333334 0.14537037037037037
0 0.3229166666666667 0.05393518518518518 0.05625 0.10787037037037037
0 0.9571614583333333 0.5814814814814815 0.08567708333333335 0.19074074074074074
19 0.4515625 0.6611111111111111 0.10416666666666667 0.21851851851851853
10 0.3338541666666667 0.3351851851851852 0.13541666666666666 0.2212962962962963
5 0.28020833333333334 0.40555555555555556 0.07239583333333334 0.10555555555555556
8 0.45989583333333334 0.33055555555555555 0.06041666666666667 0.07777777777777778
