13 0.44375 0.3888888888888889 0.06927083333333334 0.08888888888888889
6 0.590625 0.6981481481481482 0.09427083333333333 0.1638888888888889
0 0.9348958333333334 0.1962962962962963 0.10572916666666667 0.18055555555555555
5 0.5640625 0.22870370370370371 0.08645833333333333 0.16944444444444445
2 0.5447916666666667 0.2574074074074074 0.14322916666666666 0.40370370370370373
12 0.49635416666666665 0.5888888888888889 0.078125 0.1527777777777778
3 0.5609375 0.6518518518518519 0.07291666666666667 0.08796296296296297
11 0.05807291666666666 0.23935185185185184 0.11614583333333332 0.4787037037037037
1 0.9795572916666666 0.9555555555555556 0.040885416666666674 0.08333333333333333
12 0.5265625 0.4203703703703704 0.08541666666666667 0.1537037037037037
14 0.6526041666666667 0.3333333333333333 0.051041666666666666 0.09537037037037037
0 0.8927083333333333 0.5712962962962963 0.10520833333333333 0.2101851851851852
