12 0.41875 0.2759259259259259 0.059375 0.08055555555555556
11 0.4739583333333333 0.15023148148148147 0.1453125 0.30046296296296293
10 0.7776041666666667 0.3037037037037037 0.19010416666666666 0.30925925925925923
0 0.17604166666666668 0.30092592592592593 0.0921875 0.24814814814814815
8 0.5286458333333334 0.7425925925925926 0.07083333333333333 0.10185185185185185
0 0.2390625 0.5203703703703704 0.0578125 0.20833333333333334
2 0.7760416666666666 0.2 0.18333333333333332 0.4
10 0.41510416666666666 0.4398148148148148 0.08958333333333333 0.1675925925925926
7 0.38177083333333334 0.43796296296296294 0.13697916666666668 0.19166666666666668
9 0.3104166666666667 0.5787037037037037 0.10729166666666666 0.1648148148148148
11 0.7494791666666667 0.5222222222222223 0.1703125 0.425
