17 0.5421875 0.5814814814814815 0.08645833333333333 0.12962962962962962
3 0.7145833333333333 0.4111111111111111 0.06197916666666667 0.09537037037037037
14 0.6072916666666667 0.7333333333333333 0.09270833333333334 0.16018518518518518
6 0.5401041666666667 0.5574074074074075 0.07447916666666667 0.15925925925925927
0 0.6557291666666667 0.5509259259259259 0.06510416666666667 0.24351851851851852
0 0.8067708333333333 0.7416666666666667 0.06302083333333333 0.19814814814814816
3 0.5286458333333334 0.38796296296296295 0.11197916666666667 0.1527777777777778
11 0.3390625 0.24560185185185185 0.20260416666666667 0.4912037037037037
15 0.4942708333333333 0.5361111111111111 0.11875 0.1962962962962963
17 0.5427083333333333 0.5148148148148148 0.0703125 0.11574074074074074
11 0.6786458333333333 0.23402777777777778 0.18177083333333333 0.46805555555555556
