11 0.5583333333333333 0.5009259259259259 0.15833333333333333 0.6101851851851852
15 0.5098958333333333 0.43796296296296294 0.09583333333333334 0.11574074074074074
12 0.39010416666666664 0.7777777777777778 0.04583333333333333 0.12962962962962962
18 0.5203125 0.7379629629629629 0.057291666666666664 0.09351851851851851
0 0.35572916666666665 0.14074074074074072 0.07447916666666667 0.28148148148148144
2 0.6651041666666667 0.6416666666666667 0.178125 0.6472222222222223
9 0.478125 0.6962962962962963 0.06770833333333333 0.12314814814814815
11 0.4005208333333333 0.7523148148148149 0.15104166666666666 0.49537037037037035
5 0.6635416666666667 0.6055555555555555 0.09010416666666667 0.13796296296296295
3 0.46822916666666664 0.12222222222222222 0.058333333333333334 0.1388888888888889
17 0.5239583333333333 0.4046296296296296 0.128125 0.25277777777777777
0 0.19739583333333333 0.8361111111111111 0.10208333333333333 0.2212962962962963
1 0.09270833333333334 0.2814814814814815 0.07916666666666666 0.25462962962962965
