8 0.29635416666666664 0.6212962962962963 0.08489583333333334 0.13148148148148148
2 0.4515625 0.8488425925925926 0.15260416666666668 0.3023148148148148
0 0.8010416666666667 0.2777777777777778 0.08229166666666667 0.2388888888888889
7 0.44375 0.475 0.0703125 0.20833333333333334
12 0.5151041666666667 0.7138888888888889 0.07708333333333334 0.10740740740740741
11 0.5286458333333334 0.1587962962962963 0.14791666666666667 0.3175925925925926
0 0.6979166666666666 0.06759259259259259 0.15 0.13518518518518519
12 0.5026041666666666 0.5518518518518518 0.08958333333333333 0.1398148148148148
0 0.284375 0.062268518518518515 0.07135416666666666 0.12453703703703703
18 0.3234375 0.20833333333333334 0.0859375 0.16296296296296298
