19 0.8859375 0.5851851851851851 0.08177083333333333 0.14907407407407408
3 0.7567708333333333 0.3638888888888889 0.08541666666666667 0.1259259259259259
4 0.7661458333333333 0.2518518518518518 0.06822916666666666 0.15555555555555556
0 0.7942708333333334 0.8222222222222222 0.078125 0.23148148148148148
12 0.6416666666666667 0.35648148148148145 0.059375 0.12685185185185185
0 0.28854166666666664 0.2351851851851852 0.0765625 0.17592592592592593
0 0.19375 0.22037037037037038 0.0921875 0.21296296296296297
12 0.8203125 0.37407407407407406 0.042708333333333334 0.11388888888888889
2 0.8583333333333333 0.836111111111111 0.17708333333333334 0.32777777777777783
11 0.29739583333333336 0.8041666666666667 0.12604166666666666 0.3916666666666667
9 0.4140625 0.5092592592592593 0.06770833333333333 0.12222222222222222
11 0.044921875 0.6287037037037037 0.08984375 0.5064814814814815
7 0.5208333333333334 0.22685185185185186 0.09322916666666667 0.23055555555555557
