19 0.5791666666666667 0.47129629629629627 0.11302083333333333 0.17777777777777778
7 0.6020833333333333 0.16666666666666666 0.08229166666666667 0.1574074074074074
0 0.7 0.837037037037037 0.1078125 0.2111111111111111
14 0.53125 0.1527777777777778 0.0890625 0.1175925925925926
11 0.35520833333333335 0.1638888888888889 0.2 0.3277777777777778
0 0.2625 0.4083333333333333 0.07864583333333333 0.21203703703703702
18 0.5651041666666666 0.5527777777777778 0.06614583333333333 0.14166666666666666
13 0.6442708333333333 0.3712962962962963 0.07552083333333333 0.1398148148148148
16 0.628125 0.6240740740740741 0.1546875 0.20277777777777778
19 0.6739583333333333 0.25555555555555554 0.1125 0.19074074074074074
0 0.725 0.6481481481481481 0.10729166666666666 0.25277777777777777
2 0.2328125 0.7319444444444444 0.165625 0.5361111111111112
