8 0.415625 0.46111111111111114 0.11770833333333333 0.20555555555555555
9 0.5932291666666667 0.13425925925925927 0.084375 0.10833333333333334
11 0.6640625 0.387037037037037 0.2265625 0.5583333333333333
7 0.7114583333333333 0.6185185185185185 0.075 0.09907407407407408
15 0.6546875 0.3453703703703704 0.07916666666666666 0.1648148148148148
0 0.11510416666666666 0.6314814814814815 0.11197916666666667 0.18333333333333332
17 0.3828125 0.3111111111111111 0.051041666666666666 0.09074074074074075
0 0.049479166666666664 0.950925925925926 0.09895833333333333 0.0981481481481481
5 0.38333333333333336 0.487962962962963 0.10052083333333334 0.13055555555555556
4 0.6364583333333333 0.2175925925925926 0.06822916666666666 0.125
