0 0.7708333333333334 0.6361111111111111 0.0703125 0.20833333333333334
6 0.25 0.23796296296296296 0.07552083333333333 0.11481481481481481
2 0.29375 0.362962962962963 0.1578125 0.4722222222222222
10 0.3484375 0.5601851851851852 0.10416666666666667 0.18611111111111112
2 0.07278645833333333 0.1553240740740741 0.14557291666666666 0.3106481481481482
11 0.6338541666666667 0.27152777777777776 0.13177083333333334 0.5430555555555555
13 0.14635416666666667 0.287962962962963 0.10104166666666667 0.15462962962962962
10 0.17447916666666666 0.5472222222222223 0.10833333333333334 0.18703703703703703
9 0.15052083333333333 0.3138888888888889 0.07239583333333334 0.1398148148148148
15 0.2833333333333333 0.337037037037037 0.0703125 0.1712962962962963
8 0.2796875 0.06111111111111111 0.059895833333333336 0.1037037037037037
0 0.47291666666666665 0.7564814814814815 0.07760416666666667 0.2388888888888889
0 0.039453125000000006 0.29444444444444445 0.07890625000000001 0.18888888888888888
