16 0.5848958333333333 0.32407407407407407 0.103125 0.22870370370370371
7 0.27291666666666664 0.48333333333333334 0.0859375 0.10833333333333334
11 0.42552083333333335 0.15787037037037038 0.19322916666666667 0.31574074074074077
12 0.4708333333333333 0.5888888888888889 0.07291666666666667 0.1111111111111111
1 0.7859375 0.9231481481481482 0.11822916666666666 0.15370370370370368
6 0.265625 0.38981481481481484 0.06510416666666667 0.10555555555555556
9 0.4479166666666667 0.08796296296296297 0.08125 0.16296296296296298
9 0.528125 0.33055555555555555 0.08177083333333333 0.1259259259259259
2 0.6453125 0.8199074074074074 0.20052083333333334 0.36018518518518516
11 0.3796875 0.16875 0.16927083333333334 0.3375
0 0.3223958333333333 0.15023148148148147 0.071875 0.30046296296296293
