13 0.6234375 0.6981481481481482 0.090625 0.12222222222222222
7 0.55 0.39814814814814814 0.05416666666666667 0.10462962962962963
0 0.035546875 0.5277777777777778 0.07109375 0.23055555555555557
9 0.5802083333333333 0.4185185185185185 0.0921875 0.1648148148148148
1 0.3880208333333333 0.43703703703703706 0.10572916666666667 0.16296296296296298
0 0.9052083333333333 0.4740740740740741 0.05625 0.15092592592592594
15 0.6010416666666667 0.5694444444444444 0.09322916666666667 0.17777777777777778
2 0.6578125 0.8018518518518518 0.1609375 0.39629629629629626
17 0.640625 0.6546296296296297 0.08125 0.10833333333333334
4 0.5625 0.43148148148148147 0.078125 0.125
18 0.5088541666666667 0.9634259259259259 0.08697916666666666 0.07314814814814818
