0 0.42552083333333335 0.5083333333333333 0.08958333333333333 0.1787037037037037
15 0.525 0.6953703703703704 0.08854166666666667 0.18981481481481483
2 0.1453125 0.2900462962962963 0.21770833333333334 0.5800925925925926
17 0.5791666666666667 0.8055555555555556 0.06614583333333333 0.07592592592592592
0 0.9005208333333333 0.7638888888888888 0.08802083333333334 0.1824074074074074
10 0.6354166666666666 0.4462962962962963 0.10625 0.18425925925925926
6 0.525 0.6481481481481481 0.14479166666666668 0.29074074074074074
16 0.4973958333333333 0.27685185185185185 0.075 0.09074074074074075
2 0.17083333333333334 0.562037037037037 0.12447916666666667 0.562962962962963
8 0.6244791666666667 0.6398148148148148 0.08020833333333334 0.1361111111111111
