2 0.060156249999999994 0.3388888888888889 0.12031249999999999 0.48148148148148145
14 0.34479166666666666 0.5231481481481481 0.10052083333333334 0.2351851851851852
15 0.34270833333333334 0.9597222222222221 0.08229166666666667 0.0805555555555556
11 0.740625 0.37777777777777777 0.18333333333333332 0.5425925925925926
4 0.3390625 0.30648148148148147 0.044270833333333336 0.0787037037037037
7 0.353125 0.575 0.059895833333333336 0.10740740740740741
0 0.41302083333333334 0.43425925925925923 0.046875 0.1712962962962963
0 0.08385416666666666 0.6037037037037037 0.059895833333333336 0.2324074074074074
0 0.8197916666666667 0.8703703703703703 0.10208333333333333 0.24351851851851852
2 0.8609375 0.25925925925925924 0.1421875 0.45740740740740743
