1 0.4947916666666667 0.10277777777777777 0.146875 0.1712962962962963
3 0.5994791666666667 0.4027777777777778 0.06666666666666667 0.13796296296296295
6 0.5177083333333333 0.29074074074074074 0.08333333333333333 0.1425925925925926
14 0.46041666666666664 0.47685185185185186 0.0921875 0.12222222222222222
0 0.03229166666666667 0.712037037037037 0.04739583333333333 0.20462962962962963
19 0.590625 0.060648148148148145 0.109375 0.12129629629629629
2 0.8677083333333333 0.30949074074074073 0.1625 0.6189814814814815
0 0.7927083333333333 0.14444444444444443 0.071875 0.22962962962962963
6 0.6041666666666666 0.2462962962962963 0.1265625 0.24259259259259258
2 0.087890625 0.36666666666666664 0.17578125 0.5111111111111111
11 0.47760416666666666 0.5638888888888889 0.1875 0.48055555555555557
16 0.7890625 0.15185185185185185 0.11666666666666667 0.25277777777777777
8 0.7229166666666667 0.5638888888888889 0.10729166666666666 0.1935185185185185
