13 0.4234375 0.587037037037037 0.0953125 0.15462962962962962
5 0.571875 0.6638888888888889 0.04895833333333333 0.1
2 0.4114583333333333 0.5388888888888889 0.15833333333333333 0.4925925925925926
18 0.30416666666666664 0.032407407407407406 0.09322916666666667 0.06481481481481481
18 0.6166666666666667 0.44351851851851853 0.0625 0.10277777777777777
12 0.7109375 0.3296296296296296 0.057291666666666664 0.14444444444444443
4 0.6661458333333333 0.25462962962962965 0.10104166666666667 0.1787037037037037
14 0.7557291666666667 0.36574074074074076 0.09427083333333333 0.20092592592592592
2 0.8817708333333333 0.12013888888888888 0.15625 0.24027777777777776
2 0.050390625 0.16342592592592592 0.10078125 0.32685185185185184
0 0.47552083333333334 0.5685185185185185 0.057291666666666664 0.19166666666666668
