12 0.6786458333333333 0.562037037037037 0.07135416666666666 0.09722222222222222
11 0.9325520833333334 0.6962962962962963 0.13489583333333333 0.6074074074074074
17 0.7552083333333334 0.9055555555555556 0.051041666666666666 0.09537037037037037
13 0.6057291666666667 0.9708333333333333 0.07916666666666666 0.05833333333333335
1 0.5338541666666666 0.862037037037037 0.09739583333333333 0.1287037037037037
6 0.8364583333333333 0.28888888888888886 0.084375 0.08703703703703704
18 0.5161458333333333 0.8453703703703703 0.06302083333333333 0.08611111111111111
2 0.8296875 0.8354166666666667 0.18020833333333333 0.3291666666666666
11 0.4083333333333333 0.5972222222222222 0.1828125 0.47962962962962963
5 0.6234375 0.7379629629629629 0.043229166666666666 0.12222222222222222
17 0.8265625 0.5212962962962963 0.09010416666666667 0.11203703703703703
