0 0.052083333333333336 0.2111111111111111 0.06770833333333333 0.15833333333333333
9 0.7166666666666667 0.041435185185185186 0.09010416666666667 0.08287037037037037
0 0.46510416666666665 0.9229166666666666 0.1140625 0.15416666666666667
8 0.7973958333333333 0.32592592592592595 0.04791666666666667 0.10092592592592593
16 0.8625 0.3851851851851852 0.10729166666666666 0.13240740740740742
7 0.6463541666666667 0.42777777777777776 0.046875 0.12222222222222222
0 0.21354166666666666 0.7768518518518519 0.12291666666666666 0.17222222222222222
11 0.49114583333333334 0.8261574074074074 0.159375 0.3476851851851852
2 0.303125 0.29444444444444445 0.16979166666666667 0.43425925925925923
19 0.5494791666666666 0.5472222222222223 0.10520833333333333 0.1398148148148148
15 0.884375 0.050694444444444445 0.08697916666666666 0.10138888888888889
12 0.8645833333333334 0.4 0.0484375 0.10555555555555556
