12 0.4578125 0.48333333333333334 0.05416666666666667 0.16111111111111112
15 0.234375 0.4212962962962963 0.08854166666666667 0.13055555555555556
2 0.7619791666666667 0.1909722222222222 0.16614583333333333 0.3819444444444444
0 0.7541666666666667 0.9229166666666666 0.12552083333333333 0.15416666666666667
19 0.47239583333333335 0.5361111111111111 0.11666666666666667 0.19444444444444445
2 0.051171875 0.412962962962963 0.10234375 0.44907407407407407
13 0.13385416666666666 0.5907407407407408 0.06041666666666667 0.11944444444444445
15 0.4817708333333333 0.6768518518518518 0.15208333333333332 0.16111111111111112
0 0.7223958333333333 0.0824074074074074 0.10833333333333334 0.1648148148148148
11 0.7640625 0.2583333333333333 0.18645833333333334 0.5166666666666666
