13 0.38229166666666664 0.7324074074074074 0.059375 0.08518518518518518
19 0.2109375 0.8240740740740741 0.14739583333333334 0.23703703703703705
11 0.5145833333333333 0.5972222222222222 0.15104166666666666 0.5851851851851851
18 0.40677083333333336 0.6851851851851852 0.07135416666666666 0.14351851851851852
12 0.30520833333333336 0.49166666666666664 0.11875 0.1712962962962963
16 0.41770833333333335 0.850925925925926 0.0734375 0.1398148148148148
9 0.3671875 0.6148148148148148 0.1125 0.19814814814814816
0 0.12395833333333334 0.1398148148148148 0.11510416666666666 0.24537037037037038
1 0.9455729166666667 0.2814814814814815 0.1088541666666667 0.1287037037037037
11 0.0984375 0.3314814814814815 0.1546875 0.5638888888888889
