0 0.6052083333333333 0.49537037037037035 0.08541666666666667 0.21944444444444444
7 0.20572916666666666 0.08796296296296297 0.06875 0.12314814814814815
11 0.6546875 0.2685185185185185 0.18541666666666667 0.537037037037037
10 0.2515625 0.26481481481481484 0.09895833333333333 0.16111111111111112
0 0.963671875 0.6388888888888888 0.07265625000000009 0.20555555555555555
6 0.4 0.2064814814814815 0.11197916666666667 0.125
11 0.4276041666666667 0.3074074074074074 0.14739583333333334 0.4527777777777778
6 0.20833333333333334 0.4601851851851852 0.07708333333333334 0.1259259259259259
13 0.4161458333333333 0.37037037037037035 0.058854166666666666 0.08148148148148149
11 0.25364583333333335 0.18518518518518517 0.17083333333333334 0.37037037037037035
8 0.278125 0.2574074074074074 0.07291666666666667 0.09444444444444444
1 0.6296875 0.525 0.17708333333333334 0.16944444444444445
