0 0.7317708333333334 0.6759259259259259 0.11041666666666666 0.17685185185185184
10 0.22239583333333332 0.487962962962963 0.1515625 0.17962962962962964
11 0.08776041666666667 0.7284722222222222 0.17552083333333335 0.5430555555555556
17 0.2953125 0.7851851851851852 0.05625 0.08518518518518518
0 0.034375 0.3490740740740741 0.06875 0.16111111111111112
19 0.3828125 0.6203703703703703 0.11614583333333334 0.26944444444444443
2 0.6411458333333333 0.44907407407407407 0.1359375 0.5648148148148148
4 0.34010416666666665 0.43796296296296294 0.078125 0.15648148148148147
9 0.3567708333333333 0.44537037037037036 0.1 0.22407407407407406
13 0.28177083333333336 0.41944444444444445 0.09114583333333333 0.17314814814814813
