0 0.8984375 0.2916666666666667 0.07239583333333334 0.24444444444444444
5 0.6833333333333333 0.7462962962962963 0.06197916666666667 0.1537037037037037
10 0.5625 0.6527777777777778 0.09791666666666667 0.19722222222222222
2 0.6713541666666667 0.737037037037037 0.146875 0.44166666666666665
6 0.534375 0.5990740740740741 0.08802083333333334 0.1537037037037037
13 0.6828125 0.625 0.10729166666666666 0.19814814814814816
18 0.7359375 0.6351851851851852 0.09427083333333333 0.15648148148148147
11 0.6416666666666667 0.6935185185185185 0.1921875 0.4935185185185185
0 0.5583333333333333 0.6425925925925926 0.06770833333333333 0.15648148148148147
11 0.07526041666666666 0.5472222222222223 0.15052083333333333 0.45925925925925926
