0 0.303125 0.14814814814814814 0.14427083333333332 0.18981481481481483
15 0.49114583333333334 0.4583333333333333 0.09270833333333334 0.15462962962962962
12 0.5979166666666667 0.2759259259259259 0.084375 0.13333333333333333
17 0.359375 0.09166666666666666 0.11354166666666667 0.1638888888888889
2 0.278125 0.4305555555555556 0.1484375 0.4462962962962963
7 0.42604166666666665 0.16574074074074074 0.06979166666666667 0.12222222222222222
17 0.5713541666666667 0.44722222222222224 0.08229166666666667 0.12222222222222222
0 0.7630208333333334 0.7435185185185185 0.121875 0.16203703703703703
16 0.47239583333333335 0.3712962962962963 0.050520833333333334 0.10648148148148148
8 0.68125 0.4111111111111111 0.10885416666666667 0.18703703703703703
11 0.33697916666666666 0.5027777777777778 0.17447916666666666 0.5740740740740741
