4 0.3302083333333333 0.2712962962962963 0.07708333333333334 0.1398148148148148
13 0.14166666666666666 0.5268518518518519 0.0890625 0.15462962962962962
14 0.030338541666666666 0.524074074074074 0.06067708333333333 0.1574074074074074
11 0.3067708333333333 0.8550925925925926 0.21041666666666667 0.28981481481481475
17 0.2916666666666667 0.3074074074074074 0.10052083333333334 0.18055555555555555
4 0.06979166666666667 0.8351851851851851 0.10208333333333333 0.1712962962962963
0 0.9298177083333333 0.5731481481481482 0.14036458333333335 0.2861111111111111
17 0.10989583333333333 0.5657407407407408 0.103125 0.12407407407407407
12 0.2234375 0.31574074074074077 0.0390625 0.10185185185185185
2 0.4427083333333333 0.41574074074074074 0.209375 0.5111111111111111
