16 0.15885416666666666 0.462037037037037 0.08333333333333333 0.14629629629629629
2 0.80625 0.7969907407407407 0.15 0.40601851851851856
16 0.5270833333333333 0.41388888888888886 0.1109375 0.11666666666666667
12 0.3807291666666667 0.9685185185185186 0.04635416666666667 0.062962962962963
0 0.13958333333333334 0.6537037037037037 0.04583333333333333 0.17962962962962964
10 0.3921875 0.5166666666666667 0.0921875 0.11481481481481481
7 0.43385416666666665 0.24351851851851852 0.09739583333333333 0.18611111111111112
16 0.4359375 0.5574074074074075 0.0625 0.11203703703703703
1 0.0390625 0.6046296296296296 0.078125 0.15092592592592594
16 0.5916666666666667 0.6166666666666667 0.11145833333333334 0.13703703703703704
0 0.6380208333333334 0.3435185185185185 0.051041666666666666 0.23425925925925925
