11 0.11302083333333333 0.8305555555555555 0.17135416666666667 0.3388888888888889
2 0.68125 0.5518518518518518 0.14791666666666667 0.5314814814814814
4 0.6671875 0.8277777777777777 0.07760416666666667 0.11296296296296296
0 0.33541666666666664 0.8956018518518518 0.07291666666666667 0.20879629629629637
5 0.46927083333333336 0.5138888888888888 0.0765625 0.15462962962962962
13 0.5526041666666667 0.4444444444444444 0.06875 0.10185185185185185
8 0.7223958333333333 0.3814814814814815 0.09166666666666666 0.13425925925925927
9 0.675 0.43148148148148147 0.08958333333333333 0.15462962962962962
7 0.5229166666666667 0.40925925925925927 0.07916666666666666 0.1675925925925926
18 0.725 0.05185185185185185 0.0484375 0.08333333333333333
