15 0.9450520833333333 0.8611111111111112 0.1098958333333333 0.20925925925925926
16 0.49166666666666664 0.5888888888888889 0.090625 0.16111111111111112
6 0.8578125 0.6537037037037037 0.0859375 0.18518518518518517
11 0.2046875 0.5574074074074075 0.20625 0.5018518518518519
0 0.7536458333333333 0.7342592592592593 0.08177083333333333 0.23055555555555557
15 0.9010416666666666 0.44537037037037036 0.1046875 0.22407407407407406
11 0.7494791666666667 0.8597222222222223 0.15052083333333333 0.28055555555555556
17 0.875 0.687037037037037 0.09583333333333334 0.1638888888888889
12 0.7984375 0.575925925925926 0.07135416666666666 0.09537037037037037
15 0.6739583333333333 0.8981481481481481 0.11145833333333334 0.19444444444444445
