12 0.4453125 0.30277777777777776 0.10208333333333333 0.14537037037037037
0 0.3770833333333333 0.6648148148148149 0.10520833333333333 0.17222222222222222
15 0.5958333333333333 0.625 0.09427083333333333 0.16666666666666666
17 0.540625 0.4527777777777778 0.0765625 0.16018518518518518
1 0.31302083333333336 0.6814814814814815 0.08125 0.14166666666666666
6 0.49895833333333334 0.31666666666666665 0.05260416666666667 0.10833333333333334
5 0.35208333333333336 0.2722222222222222 0.07552083333333333 0.12777777777777777
18 0.4296875 0.6759259259259259 0.05572916666666667 0.08796296296296297
10 0.25 0.462037037037037 0.08802083333333334 0.09814814814814815
0 0.6604166666666667 0.7398148148148148 0.07135416666666666 0.2175925925925926
11 0.41302083333333334 0.8358796296296296 0.13958333333333334 0.32824074074074083
2 0.31302083333333336 0.1310185185185185 0.14270833333333333 0.262037037037037
