13 0.3796875 0.38796296296296295 0.103125 0.21296296296296297
11 0.7796875 0.23703703703703705 0.1578125 0.4740740740740741
0 0.8911458333333333 0.3194444444444444 0.0546875 0.26296296296296295
16 0.2911458333333333 0.2 0.07135416666666666 0.13148148148148148
6 0.44895833333333335 0.3 0.0546875 0.075
2 0.5838541666666667 0.7666666666666667 0.15364583333333334 0.41944444444444445
4 0.3453125 0.044675925925925924 0.090625 0.08935185185185185
0 0.24791666666666667 0.5370370370370371 0.059375 0.2351851851851852
0 0.4734375 0.5537037037037037 0.1015625 0.2537037037037037
12 0.31354166666666666 0.2916666666666667 0.1125 0.14907407407407408
3 0.5703125 0.4685185185185185 0.0796875 0.11018518518518519
5 0.471875 0.3416666666666667 0.057291666666666664 0.09351851851851851
