0 0.02486979166666667 0.7240740740740741 0.04973958333333334 0.23148148148148148
16 0.31979166666666664 0.25555555555555554 0.0984375 0.14537037037037037
11 0.6869791666666667 0.3861111111111111 0.1484375 0.4527777777777778
9 0.45416666666666666 0.7657407407407407 0.09947916666666666 0.15092592592592594
6 0.36666666666666664 0.22407407407407406 0.11302083333333333 0.1388888888888889
15 0.31302083333333336 0.6694444444444444 0.075 0.12129629629629629
10 0.4510416666666667 0.5546296296296296 0.11822916666666666 0.23703703703703705
11 0.9140625 0.8729166666666667 0.171875 0.25416666666666665
0 0.020703125 0.8351851851851851 0.04140625 0.14814814814814814
11 0.8755208333333333 0.8912037037037037 0.14270833333333333 0.21759259259259256
