14 0.4390625 0.5537037037037037 0.0640625 0.08425925925925926
7 0.3098958333333333 0.26944444444444443 0.10885416666666667 0.2564814814814815
1 0.2942708333333333 0.8490740740740741 0.08333333333333333 0.2064814814814815
0 0.8296875 0.33611111111111114 0.11770833333333333 0.20925925925925926
6 0.2942708333333333 0.387037037037037 0.0828125 0.08055555555555556
18 0.41770833333333335 0.2490740740740741 0.06197916666666667 0.09166666666666666
2 0.340625 0.8203703703703704 0.19322916666666667 0.35925925925925917
0 0.23489583333333333 0.06620370370370371 0.12604166666666666 0.13240740740740742
18 0.315625 0.44351851851851853 0.08229166666666667 0.14351851851851852
9 0.4401041666666667 0.3287037037037037 0.11510416666666666 0.1574074074074074
18 0.4765625 0.4351851851851852 0.058854166666666666 0.09814814814814815
