2 0.5640625 0.7912037037037036 0.228125 0.4175925925925926
5 0.4817708333333333 0.3907407407407407 0.053125 0.1259259259259259
0 0.06510416666666667 0.6592592592592592 0.07239583333333334 0.19537037037037036
7 0.5354166666666667 0.5268518518518519 0.09947916666666666 0.14907407407407408
4 0.3645833333333333 0.2324074074074074 0.10989583333333333 0.15
3 0.43645833333333334 0.5259259259259259 0.065625 0.09907407407407408
2 0.9026041666666667 0.5305555555555556 0.14739583333333334 0.43425925925925923
5 0.3484375 0.23148148148148148 0.05625 0.13333333333333333
16 0.4859375 0.24259259259259258 0.08489583333333334 0.22407407407407406
11 0.628125 0.687962962962963 0.19895833333333332 0.4685185185185185
0 0.18125 0.5953703703703703 0.14114583333333333 0.19166666666666668
1 0.4401041666666667 0.5435185185185185 0.09270833333333334 0.2712962962962963
