11 0.042317708333333336 0.21157407407407408 0.08463541666666667 0.42314814814814816
12 0.5255208333333333 0.2953703703703704 0.078125 0.11666666666666667
6 0.7390625 0.6527777777777778 0.07135416666666666 0.1425925925925926
2 0.38333333333333336 0.8337962962962963 0.15520833333333334 0.3324074074074075
0 0.1 0.5666666666666667 0.08125 0.21851851851851853
14 0.8078125 0.674074074074074 0.084375 0.12222222222222222
5 0.6703125 0.3861111111111111 0.051041666666666666 0.10833333333333334
19 0.771875 0.5814814814814815 0.10052083333333334 0.19074074074074074
3 0.7973958333333333 0.47129629629629627 0.07291666666666667 0.09722222222222222
0 0.14166666666666666 0.6333333333333333 0.11354166666666667 0.21388888888888888
2 0.7244791666666667 0.7157407407407408 0.19947916666666668 0.5138888888888888
0 0.3625 0.26296296296296295 0.07291666666666667 0.125
15 0.715625 0.6712962962962963 0.08229166666666667 0.11944444444444445
