13 0.2864583333333333 0.3351851851851852 0.09635416666666667 0.14444444444444443
11 0.671875 0.1935185185185185 0.1859375 0.387037037037037
11 0.16822916666666668 0.21296296296296297 0.2140625 0.42592592592592593
3 0.4859375 0.34629629629629627 0.1046875 0.1361111111111111
12 0.5109375 0.44537037037037036 0.09427083333333333 0.1398148148148148
0 0.5510416666666667 0.5185185185185185 0.125 0.14814814814814814
17 0.628125 0.23055555555555557 0.11041666666666666 0.14074074074074075
0 0.4 0.4166666666666667 0.14375 0.2175925925925926
2 0.20416666666666666 0.6222222222222222 0.22916666666666666 0.5370370370370371
17 0.4078125 0.27685185185185185 0.10208333333333333 0.15092592592592594
5 0.4796875 0.6287037037037037 0.07291666666666667 0.13333333333333333
