7 0.6994791666666667 0.6851851851851852 0.07083333333333333 0.09074074074074075
19 0.5171875 0.3111111111111111 0.09791666666666667 0.14814814814814814
11 0.4015625 0.4166666666666667 0.14635416666666667 0.5768518518518518
4 0.5802083333333333 0.325 0.090625 0.1259259259259259
11 0.2921875 0.7509259259259259 0.14583333333333334 0.48333333333333334
15 0.7666666666666667 0.28888888888888886 0.0796875 0.11296296296296296
4 0.7010416666666667 0.31666666666666665 0.0765625 0.12037037037037036
15 0.6328125 0.30462962962962964 0.0953125 0.11851851851851852
11 0.8541666666666666 0.6324074074074074 0.15572916666666667 0.43425925925925923
0 0.6875 0.9101851851851852 0.10677083333333333 0.17962962962962958
10 0.5546875 0.4583333333333333 0.15364583333333334 0.1574074074074074
