15 0.1265625 0.7657407407407407 0.0828125 0.10092592592592593
18 0.115625 0.09722222222222222 0.057291666666666664 0.08981481481481482
12 0.022265625 0.5842592592592593 0.04453125 0.11203703703703703
9 0.25625 0.9796296296296296 0.05260416666666667 0.040740740740740744
7 0.18489583333333334 0.6074074074074074 0.06770833333333333 0.08425925925925926
12 0.2171875 0.7314814814814815 0.10052083333333334 0.15092592592592594
0 0.1859375 0.8969907407407407 0.11927083333333334 0.2060185185185186
13 0.3416666666666667 0.5222222222222223 0.07291666666666667 0.1175925925925926
0 0.36302083333333335 0.3277777777777778 0.09739583333333333 0.30185185185185187
2 0.546875 0.18171296296296297 0.17135416666666667 0.36342592592592593
