18 0.6994791666666667 0.9194444444444444 0.07239583333333334 0.13518518518518519
16 0.7260416666666667 0.6648148148148149 0.06770833333333333 0.15185185185185185
11 0.365625 0.15671296296296294 0.15416666666666667 0.3134259259259259
2 0.16197916666666667 0.19050925925925927 0.14270833333333333 0.38101851851851853
0 0.5052083333333334 0.2222222222222222 0.08177083333333333 0.24166666666666667
13 0.5328125 0.8296296296296296 0.0609375 0.10462962962962963
6 0.6020833333333333 0.2175925925925926 0.11614583333333334 0.1712962962962963
6 0.7151041666666667 0.26481481481481484 0.11354166666666667 0.18333333333333332
5 0.590625 0.062037037037037036 0.059895833333333336 0.09814814814814815
0 0.9671875 0.8731481481481481 0.03854166666666667 0.17962962962962964
18 0.6473958333333333 0.11851851851851852 0.06875 0.0962962962962963
0 0.959375 0.1175925925925926 0.05260416666666667 0.2037037037037037
