19 0.5130208333333334 0.6212962962962963 0.09791666666666667 0.17222222222222222
9 0.9645833333333333 0.575 0.051041666666666666 0.09259259259259259
11 0.675 0.7229166666666667 0.1890625 0.5541666666666667
13 0.5395833333333333 0.42314814814814816 0.0828125 0.11574074074074074
5 0.7390625 0.49537037037037035 0.07916666666666666 0.09444444444444444
6 0.954296875 0.7435185185185185 0.09140625000000002 0.20925925925925926
0 0.3302083333333333 0.3925925925925926 0.07135416666666666 0.2611111111111111
11 0.9260416666666667 0.537962962962963 0.1479166666666667 0.46574074074074073
0 0.9677083333333334 0.8953703703703704 0.06458333333333333 0.20092592592592592
15 0.690625 0.7851851851851852 0.146875 0.16574074074074074
