5 0.35572916666666665 0.5361111111111111 0.042708333333333334 0.09166666666666666
16 0.011328125 0.4564814814814815 0.02265625 0.11481481481481481
9 0.2609375 0.6472222222222223 0.04739583333333333 0.09166666666666666
19 0.22864583333333333 0.36574074074074076 0.121875 0.22592592592592592
0 0.11197916666666667 0.5185185185185185 0.1078125 0.2222222222222222
4 0.32447916666666665 0.4962962962962963 0.06458333333333334 0.1
3 0.209375 0.6175925925925926 0.10833333333333334 0.15092592592592594
2 0.23854166666666668 0.6138888888888889 0.15729166666666666 0.46296296296296297
10 0.22708333333333333 0.9296296296296296 0.09114583333333333 0.14074074074074083
0 0.025651041666666666 0.44074074074074077 0.05130208333333333 0.15555555555555556
0 0.966015625 0.47685185185185186 0.06796874999999991 0.22962962962962963
