15 0.38645833333333335 0.7212962962962963 0.10677083333333333 0.16111111111111112
2 0.8171875 0.5962962962962963 0.18229166666666666 0.675
0 0.8130208333333333 0.5731481481481482 0.09583333333333334 0.1648148148148148
12 0.46979166666666666 0.45555555555555555 0.06666666666666667 0.08333333333333333
0 0.038671875 0.23981481481481481 0.07734375 0.2388888888888889
7 0.5057291666666667 0.5537037037037037 0.09322916666666667 0.16203703703703703
6 0.3536458333333333 0.8796296296296297 0.1375 0.1962962962962963
2 0.8822916666666667 0.1488425925925926 0.22291666666666668 0.2976851851851852
0 0.5791666666666667 0.13333333333333333 0.08958333333333333 0.225
14 0.31979166666666664 0.6805555555555556 0.043229166666666666 0.06851851851851852
11 0.8635416666666667 0.8659722222222223 0.190625 0.2680555555555555
