7 0.6484375 0.08449074074074074 0.159375 0.16898148148148148
8 0.6057291666666667 0.4462962962962963 0.06927083333333334 0.1361111111111111
11 0.4734375 0.37777777777777777 0.17395833333333333 0.46296296296296297
0 0.6796875 0.5981481481481481 0.10260416666666666 0.29444444444444445
4 0.3229166666666667 0.425 0.11458333333333333 0.12222222222222222
1 0.490625 0.0763888888888889 0.11614583333333334 0.1527777777777778
15 0.5390625 0.2657407407407407 0.09114583333333333 0.15833333333333333
11 0.5244791666666667 0.8287037037037037 0.18541666666666667 0.34259259259259267
6 0.4171875 0.487962962962963 0.09270833333333334 0.1
0 0.125 0.8685185185185185 0.0484375 0.1962962962962963
17 0.5645833333333333 0.18425925925925926 0.1234375 0.17222222222222222
