1 0.5036458333333333 0.25925925925925924 0.15052083333333333 0.1925925925925926
8 0.29010416666666666 0.6361111111111111 0.07760416666666667 0.10648148148148148
9 0.346875 0.6370370370370371 0.06979166666666667 0.11944444444444445
0 0.10989583333333333 0.25833333333333336 0.1296875 0.25833333333333336
0 0.5619791666666667 0.775 0.0890625 0.15555555555555556
3 0.2453125 0.47314814814814815 0.08854166666666667 0.15555555555555556
2 0.5151041666666667 0.31296296296296294 0.14479166666666668 0.4111111111111111
9 0.3234375 0.625 0.09791666666666667 0.19537037037037036
11 0.084375 0.2671296296296296 0.15052083333333333 0.5342592592592592
10 0.3541666666666667 0.42962962962962964 0.06197916666666667 0.12222222222222222
6 0.13020833333333334 0.8175925925925925 0.07552083333333333 0.1537037037037037
7 0.18072916666666666 0.6546296296296297 0.1015625 0.14444444444444443
