4 0.35885416666666664 0.33796296296296297 0.08958333333333333 0.13055555555555556
0 0.3145833333333333 0.8981481481481481 0.07916666666666666 0.175
4 0.47604166666666664 0.32314814814814813 0.11614583333333334 0.18888888888888888
0 0.5552083333333333 0.5675925925925925 0.1234375 0.21574074074074073
10 0.6411458333333333 0.8611111111111112 0.14114583333333333 0.25
18 0.3453125 0.4824074074074074 0.08020833333333334 0.15925925925925927
2 0.4661458333333333 0.34074074074074073 0.22708333333333333 0.5148148148148148
2 0.1640625 0.25925925925925924 0.1921875 0.49907407407407406
11 0.41770833333333335 0.6277777777777778 0.22552083333333334 0.525
1 0.7338541666666667 0.8870370370370371 0.09947916666666666 0.15
