11 0.5125 0.15185185185185185 0.1734375 0.3037037037037037
0 0.9276041666666667 0.5009259259259259 0.1359375 0.2351851851851852
0 0.4947916666666667 0.33611111111111114 0.1375 0.27037037037037037
5 0.5671875 0.6157407407407407 0.058333333333333334 0.11296296296296296
11 0.06315104166666666 0.20347222222222222 0.12630208333333331 0.40694444444444444
5 0.4109375 0.5916666666666667 0.07291666666666667 0.09814814814814815
9 0.5171875 0.6388888888888888 0.1078125 0.15648148148148147
12 0.5640625 0.7722222222222223 0.04791666666666667 0.10462962962962963
15 0.3026041666666667 0.3712962962962963 0.08229166666666667 0.13055555555555556
8 0.41041666666666665 0.4722222222222222 0.1546875 0.27314814814814814
0 0.9083333333333333 0.7481481481481481 0.053125 0.15462962962962962
