2 0.3536458333333333 0.8578703703703703 0.14895833333333333 0.2842592592592593
4 0.371875 0.487962962962963 0.07552083333333333 0.13055555555555556
18 0.4515625 0.7518518518518519 0.078125 0.15555555555555556
0 0.9390625 0.12314814814814815 0.09270833333333334 0.24074074074074073
3 0.29635416666666664 0.7157407407407408 0.04791666666666667 0.08703703703703704
2 0.940625 0.25925925925925924 0.11874999999999991 0.41759259259259257
1 0.03697916666666667 0.7509259259259259 0.06197916666666667 0.10833333333333334
14 0.7119791666666667 0.48333333333333334 0.08020833333333334 0.13148148148148148
8 0.403125 0.6462962962962963 0.07395833333333333 0.09259259259259259
2 0.4390625 0.3037037037037037 0.19583333333333333 0.6074074074074074
