0 0.15625 0.6166666666666667 0.05572916666666667 0.14537037037037037
2 0.44947916666666665 0.8407407407407408 0.17864583333333334 0.31851851851851853
14 0.415625 0.7 0.0578125 0.15
13 0.38385416666666666 0.7231481481481481 0.1015625 0.16111111111111112
11 0.3182291666666667 0.7768518518518519 0.21510416666666668 0.4462962962962963
18 0.40729166666666666 0.25555555555555554 0.05677083333333333 0.10092592592592593
10 0.47604166666666664 0.13240740740740742 0.12395833333333334 0.18981481481481483
11 0.3171875 0.23217592592592592 0.18489583333333334 0.46435185185185185
15 0.049479166666666664 0.5148148148148148 0.08854166666666667 0.1111111111111111
18 0.12708333333333333 0.033796296296296297 0.0796875 0.06759259259259259
