13 0.7697916666666667 0.1527777777777778 0.10416666666666667 0.18333333333333332
19 0.4765625 0.13055555555555556 0.12604166666666666 0.13796296296296295
6 0.7421875 0.6675925925925926 0.051041666666666666 0.1425925925925926
2 0.6697916666666667 0.7032407407407407 0.20260416666666667 0.5935185185185186
17 0.55 0.41203703703703703 0.06666666666666667 0.09907407407407408
9 0.50625 0.4101851851851852 0.05677083333333333 0.11481481481481481
12 0.6130208333333333 0.08148148148148149 0.06979166666666667 0.16296296296296298
11 0.646875 0.7601851851851852 0.17083333333333334 0.44907407407407407
0 0.2703125 0.7046296296296296 0.0546875 0.125
11 0.7901041666666667 0.14027777777777778 0.1890625 0.28055555555555556
