2 0.6010416666666667 0.4148148148148148 0.18020833333333333 0.5990740740740741
19 0.5041666666666667 0.6435185185185185 0.07239583333333334 0.11666666666666667
5 0.6859375 0.5675925925925925 0.06197916666666667 0.1
0 0.4578125 0.5564814814814815 0.10989583333333333 0.14629629629629629
12 0.5833333333333334 0.36203703703703705 0.06041666666666667 0.13240740740740742
2 0.7338541666666667 0.14305555555555555 0.17708333333333334 0.2861111111111111
0 0.8692708333333333 0.2 0.1125 0.2351851851851852
14 0.6880208333333333 0.36203703703703705 0.0671875 0.12037037037037036
14 0.6708333333333333 0.6648148148148149 0.051041666666666666 0.13333333333333333
4 0.4973958333333333 0.19166666666666668 0.09010416666666667 0.15925925925925927
