18 0.5786458333333333 0.7814814814814814 0.058333333333333334 0.08703703703703704
18 0.49375 0.6833333333333333 0.05572916666666667 0.11018518518518519
12 0.40572916666666664 0.8101851851851852 0.06354166666666666 0.10740740740740741
13 0.6010416666666667 0.4787037037037037 0.0671875 0.16296296296296298
15 0.1984375 0.6453703703703704 0.07552083333333333 0.10092592592592593
2 0.8760416666666667 0.20763888888888887 0.19895833333333332 0.41527777777777775
13 0.3046875 0.3907407407407407 0.103125 0.13333333333333333
0 0.090625 0.4064814814814815 0.07552083333333333 0.16944444444444445
10 0.3223958333333333 0.7138888888888889 0.14166666666666666 0.3175925925925926
2 0.3703125 0.4564814814814815 0.19114583333333332 0.49722222222222223
1 0.48385416666666664 0.29074074074074074 0.13697916666666668 0.14722222222222223
