13 0.14739583333333334 0.21574074074074073 0.059375 0.08425925925925926
0 0.011979166666666667 0.919675925925926 0.023958333333333335 0.1606481481481482
13 0.14583333333333334 0.4981481481481482 0.06875 0.14074074074074075
4 0.26927083333333335 0.03217592592592593 0.052083333333333336 0.06435185185185185
11 0.89609375 0.25 0.20781249999999996 0.475
0 0.10572916666666667 0.8925925925925926 0.071875 0.2148148148148148
13 0.35 0.07847222222222222 0.08697916666666666 0.15694444444444444
18 0.37864583333333335 0.31574074074074077 0.1015625 0.15185185185185185
11 0.1296875 0.3277777777777778 0.23072916666666668 0.6222222222222222
7 0.2203125 0.3824074074074074 0.06354166666666666 0.10925925925925926
0 0.6182291666666667 0.5527777777777778 0.09375 0.24444444444444444
11 0.8463541666666666 0.19351851851851853 0.16145833333333334 0.38703703703703707
