13 0.028255208333333334 0.35 0.05651041666666667 0.09074074074074075
0 0.5635416666666667 0.9097222222222222 0.10416666666666667 0.18055555555555558
5 0.29270833333333335 0.44814814814814813 0.051041666666666666 0.12314814814814815
13 0.16770833333333332 0.6638888888888889 0.09739583333333333 0.17685185185185184
0 0.9747395833333333 0.9405092592592592 0.05052083333333335 0.11898148148148158
4 0.032552083333333336 0.25462962962962965 0.06510416666666667 0.2064814814814815
0 0.6302083333333334 0.5333333333333333 0.09791666666666667 0.1962962962962963
7 0.25104166666666666 0.4 0.10208333333333333 0.17592592592592593
12 0.20364583333333333 0.687962962962963 0.084375 0.08611111111111111
18 0.28177083333333336 0.5583333333333333 0.08854166666666667 0.14814814814814814
2 0.12395833333333334 0.5564814814814815 0.22447916666666667 0.5509259259259259
