7 0.5291666666666667 0.6277777777777778 0.057291666666666664 0.11666666666666667
19 0.7484375 0.37962962962962965 0.12447916666666667 0.225
2 0.340625 0.38981481481481484 0.14583333333333334 0.4074074074074074
1 0.4588541666666667 0.5083333333333333 0.06875 0.20092592592592592
10 0.5583333333333333 0.3685185185185185 0.0765625 0.14814814814814814
11 0.14635416666666667 0.1414351851851852 0.1828125 0.2828703703703704
14 0.6515625 0.6481481481481481 0.0578125 0.08703703703703704
13 0.5145833333333333 0.39351851851851855 0.06979166666666667 0.15
15 0.75625 0.3861111111111111 0.06458333333333334 0.09444444444444444
2 0.3651041666666667 0.17685185185185187 0.12864583333333332 0.35370370370370374
1 0.4552083333333333 0.14629629629629629 0.14375 0.19074074074074074
0 0.10572916666666667 0.8814814814814815 0.058333333333333334 0.1648148148148148
