9 0.5364583333333334 0.6148148148148148 0.08645833333333333 0.14907407407407408
0 0.6380208333333334 0.2175925925925926 0.09479166666666666 0.14814814814814814
2 0.5484375 0.16944444444444445 0.15833333333333333 0.3388888888888889
2 0.9083333333333333 0.14004629629629628 0.165625 0.28009259259259256
10 0.5776041666666667 0.3962962962962963 0.07291666666666667 0.13333333333333333
14 0.4734375 0.09236111111111112 0.121875 0.18472222222222223
1 0.090625 0.32222222222222224 0.17864583333333334 0.19907407407407407
0 0.0703125 0.24259259259259258 0.06770833333333333 0.21666666666666667
5 0.33697916666666666 0.31296296296296294 0.058854166666666666 0.10277777777777777
15 0.7098958333333333 0.45185185185185184 0.08802083333333334 0.12407407407407407
