11 0.4088541666666667 0.512962962962963 0.1765625 0.5990740740740741
0 0.7442708333333333 0.2712962962962963 0.128125 0.2037037037037037
18 0.7078125 0.4898148148148148 0.04791666666666667 0.09074074074074075
0 0.04609375 0.09814814814814815 0.0921875 0.18703703703703703
6 0.7588541666666667 0.5203703703703704 0.12604166666666666 0.17407407407407408
13 0.6572916666666667 0.6064814814814815 0.09479166666666666 0.14166666666666666
0 0.11666666666666667 0.9081018518518519 0.11145833333333334 0.18379629629629624
8 0.7322916666666667 0.3037037037037037 0.121875 0.15925925925925927
12 0.7458333333333333 0.3574074074074074 0.0890625 0.175
16 0.7875 0.9539351851851852 0.09583333333333334 0.09212962962962967
14 0.8026041666666667 0.4583333333333333 0.06822916666666666 0.17777777777777778
