18 0.43125 0.40370370370370373 0.0859375 0.14629629629629629
0 0.13020833333333334 0.524074074074074 0.10364583333333334 0.13425925925925927
6 0.39010416666666664 0.5092592592592593 0.06354166666666666 0.1537037037037037
0 0.05520833333333333 0.4101851851851852 0.06458333333333334 0.18888888888888888
5 0.41770833333333335 0.625 0.0921875 0.23148148148148148
15 0.3494791666666667 0.6620370370370371 0.09166666666666666 0.09722222222222222
9 0.33229166666666665 0.8546296296296296 0.07864583333333333 0.14351851851851852
0 0.018619791666666666 0.31666666666666665 0.03723958333333333 0.18703703703703703
17 0.42291666666666666 0.8398148148148148 0.15520833333333334 0.21296296296296297
11 0.9403645833333334 0.7835648148148149 0.11927083333333333 0.43287037037037035
