13 0.2578125 0.1787037037037037 0.10833333333333334 0.13425925925925927
0 0.303125 0.6416666666666667 0.043229166666666666 0.1824074074074074
8 0.38333333333333336 0.6574074074074074 0.06875 0.1648148148148148
11 0.7625 0.23379629629629628 0.19947916666666668 0.46759259259259256
10 0.21875 0.4009259259259259 0.18020833333333333 0.3351851851851852
7 0.29583333333333334 0.6694444444444444 0.096875 0.24722222222222223
14 0.3421875 0.6037037037037037 0.09583333333333334 0.16944444444444445
10 0.03372395833333333 0.8851851851851852 0.06744791666666666 0.22962962962962963
11 0.9263020833333333 0.21481481481481482 0.1473958333333334 0.42962962962962964
15 0.39895833333333336 0.5777777777777777 0.09322916666666667 0.10833333333333334
