1 0.32760416666666664 0.5398148148148149 0.115625 0.11481481481481481
13 0.24010416666666667 0.5194444444444445 0.06041666666666667 0.09074074074074075
11 0.83125 0.6935185185185185 0.1609375 0.5601851851851852
10 0.5213541666666667 0.6231481481481481 0.11666666666666667 0.2351851851851852
10 0.4083333333333333 0.8481481481481481 0.1265625 0.18425925925925926
1 0.7828125 0.8268518518518518 0.16927083333333334 0.1638888888888889
11 0.796875 0.4759259259259259 0.225 0.6305555555555555
11 0.3828125 0.7898148148148147 0.14739583333333334 0.4203703703703704
17 0.5432291666666667 0.13055555555555556 0.0671875 0.09722222222222222
9 0.3692708333333333 0.600925925925926 0.09322916666666667 0.1675925925925926
7 0.27708333333333335 0.39166666666666666 0.043229166666666666 0.10277777777777777
1 0.26666666666666666 0.09583333333333333 0.1109375 0.19166666666666665
19 0.553125 0.3138888888888889 0.06979166666666667 0.18055555555555555
