15 0.5348958333333333 0.7064814814814815 0.06927083333333334 0.17222222222222222
4 0.31875 0.5194444444444445 0.08645833333333333 0.12962962962962962
14 0.3828125 0.34444444444444444 0.08020833333333334 0.15833333333333333
2 0.4869791666666667 0.7918981481481482 0.184375 0.41620370370370363
0 0.8625 0.4787037037037037 0.08385416666666666 0.2037037037037037
3 0.3651041666666667 0.2962962962962963 0.09166666666666666 0.15555555555555556
2 0.24166666666666667 0.18310185185185185 0.15625 0.3662037037037037
0 0.9270833333333333 0.09166666666666666 0.14583333333333337 0.18333333333333332
0 0.47552083333333334 0.38055555555555554 0.08854166666666667 0.1537037037037037
19 0.4791666666666667 0.19166666666666668 0.12864583333333332 0.2898148148148148
