6 0.5182291666666666 0.5768518518518518 0.10833333333333334 0.2222222222222222
12 0.47604166666666664 0.3592592592592593 0.05260416666666667 0.1
3 0.7380208333333333 0.28888888888888886 0.09270833333333334 0.11666666666666667
11 0.8192708333333333 0.7729166666666667 0.1546875 0.4541666666666666
2 0.14583333333333334 0.7902777777777777 0.12447916666666667 0.4194444444444445
3 0.615625 0.39814814814814814 0.09114583333333333 0.14444444444444443
8 0.5630208333333333 0.7287037037037037 0.06927083333333334 0.11388888888888889
11 0.9514322916666667 0.7358796296296296 0.0971354166666667 0.5282407407407408
6 0.41458333333333336 0.7074074074074074 0.13489583333333333 0.1712962962962963
5 0.5744791666666667 0.6388888888888888 0.08333333333333333 0.21851851851851853
0 0.1453125 0.6953703703703704 0.0921875 0.1787037037037037
0 0.4609375 0.08865740740740741 0.12239583333333333 0.17731481481481481
