13 0.834375 0.3287037037037037 0.1 0.1824074074074074
0 0.8338541666666667 0.6712962962962963 0.07083333333333333 0.22037037037037038
11 0.20416666666666666 0.8606481481481482 0.1390625 0.2787037037037037
0 0.6375 0.1175925925925926 0.10104166666666667 0.23148148148148148
18 0.7546875 0.7222222222222222 0.0890625 0.14814814814814814
16 0.6375 0.2833333333333333 0.06197916666666667 0.10277777777777777
11 0.5661458333333333 0.41944444444444445 0.2015625 0.5009259259259259
7 0.8057291666666667 0.5185185185185185 0.096875 0.1962962962962963
18 0.6932291666666667 0.6268518518518519 0.0984375 0.15648148148148147
2 0.6760416666666667 0.17800925925925926 0.21822916666666667 0.3560185185185185
