19 0.571875 0.8203703703703704 0.15416666666666667 0.19166666666666668
1 0.5276041666666667 0.04513888888888889 0.0484375 0.09027777777777778
2 0.18125 0.2101851851851852 0.17239583333333333 0.4203703703703704
12 0.49895833333333334 0.6537037037037037 0.0703125 0.16018518518518518
13 0.33177083333333335 0.5481481481481482 0.05677083333333333 0.07222222222222222
4 0.4354166666666667 0.7537037037037037 0.04895833333333333 0.09074074074074075
11 0.041276041666666666 0.35462962962962963 0.08255208333333333 0.4166666666666667
15 0.5807291666666666 0.7379629629629629 0.17083333333333334 0.23425925925925925
3 0.37864583333333335 0.6731481481481482 0.10052083333333334 0.12962962962962962
2 0.5177083333333333 0.24814814814814815 0.14739583333333334 0.4222222222222222
0 0.8739583333333333 0.4787037037037037 0.11197916666666667 0.23796296296296296
