19 0.4171875 0.5064814814814815 0.075 0.10092592592592593
1 0.23177083333333334 0.18055555555555555 0.15729166666666666 0.18333333333333332
11 0.49322916666666666 0.5814814814814815 0.1734375 0.49907407407407406
0 0.7984375 0.7231481481481481 0.11197916666666667 0.1935185185185185
17 0.5932291666666667 0.4064814814814815 0.09479166666666666 0.12129629629629629
19 0.7234375 0.462037037037037 0.10364583333333334 0.16944444444444445
1 0.4296875 0.6777777777777778 0.14375 0.17777777777777778
14 0.44895833333333335 0.39537037037037037 0.05364583333333333 0.10277777777777777
10 0.4453125 0.7277777777777777 0.14322916666666666 0.2574074074074074
18 0.35572916666666665 0.7675925925925926 0.08958333333333333 0.13703703703703704
8 0.5822916666666667 0.39814814814814814 0.06354166666666666 0.1111111111111111
