18 0.5901041666666667 0.6222222222222222 0.0828125 0.14166666666666666
0 0.48072916666666665 0.6370370370370371 0.07760416666666667 0.24259259259259258
0 0.45729166666666665 0.14351851851851852 0.1234375 0.1935185185185185
9 0.7161458333333334 0.4203703703703704 0.08333333333333333 0.14814814814814814
11 0.1859375 0.225 0.1375 0.4027777777777778
19 0.46458333333333335 0.799074074074074 0.08854166666666667 0.13425925925925927
0 0.5895833333333333 0.15925925925925927 0.11197916666666667 0.23425925925925925
4 0.37864583333333335 0.44814814814814813 0.0890625 0.15833333333333333
6 0.5989583333333334 0.5138888888888888 0.10416666666666667 0.12685185185185185
11 0.5901041666666667 0.41574074074074074 0.196875 0.5111111111111111
4 0.49166666666666664 0.5675925925925925 0.07760416666666667 0.11203703703703703
4 0.3958333333333333 0.41574074074074074 0.10104166666666667 0.19444444444444445
