17 0.3729166666666667 0.5611111111111111 0.128125 0.18518518518518517
4 0.3223958333333333 0.7314814814814815 0.075 0.11481481481481481
9 0.190625 0.7166666666666667 0.052083333333333336 0.11296296296296296
19 0.2635416666666667 0.9074074074074074 0.10625 0.16296296296296298
13 0.1828125 0.7222222222222222 0.08645833333333333 0.13240740740740742
2 0.9606770833333333 0.7548611111111111 0.0786458333333333 0.4902777777777778
2 0.5291666666666667 0.24930555555555556 0.16458333333333333 0.4986111111111111
0 0.271875 0.6981481481481482 0.06770833333333333 0.24259259259259258
0 0.8734375 0.10046296296296296 0.06354166666666666 0.20092592592592592
8 0.08541666666666667 0.5611111111111111 0.059375 0.11481481481481481
0 0.4197916666666667 0.6148148148148148 0.0453125 0.1814814814814815
17 0.15364583333333334 0.3509259259259259 0.1203125 0.15925925925925927
