19 0.275 0.3592592592592593 0.1375 0.2351851851851852
7 0.328125 0.5027777777777778 0.06145833333333333 0.11018518518518519
11 0.929296875 0.20810185185185187 0.14140624999999996 0.41620370370370374
14 0.2671875 0.45185185185185184 0.090625 0.14629629629629629
6 0.4046875 0.33796296296296297 0.10052083333333334 0.1638888888888889
12 0.15833333333333333 0.65 0.07916666666666666 0.15
2 0.6338541666666667 0.362962962962963 0.134375 0.5787037037037037
16 0.2546875 0.23055555555555557 0.058333333333333334 0.11018518518518519
8 0.303125 0.6685185185185185 0.06979166666666667 0.1037037037037037
0 0.6765625 0.21574074074074073 0.0765625 0.20092592592592592
