15 0.3578125 0.25833333333333336 0.10625 0.1685185185185185
0 0.26197916666666665 0.762962962962963 0.08072916666666667 0.1925925925925926
12 0.6395833333333333 0.6194444444444445 0.036458333333333336 0.10277777777777777
11 0.7505208333333333 0.662962962962963 0.15052083333333333 0.5888888888888889
11 0.5010416666666667 0.2796296296296296 0.16927083333333334 0.46111111111111114
0 0.19479166666666667 0.799074074074074 0.12708333333333333 0.21666666666666667
19 0.5260416666666666 0.4361111111111111 0.09270833333333334 0.18796296296296297
16 0.5796875 0.9238425925925926 0.11666666666666667 0.1523148148148148
4 0.38385416666666666 0.7 0.05572916666666667 0.10648148148148148
12 0.3890625 0.37037037037037035 0.058333333333333334 0.1425925925925926
2 0.834375 0.7194444444444444 0.19583333333333333 0.4962962962962963
14 0.49114583333333334 0.6990740740740741 0.05625 0.11018518518518519
