1 0.03515625 0.5842592592592593 0.0703125 0.21203703703703702
3 0.30833333333333335 0.7398148148148148 0.09895833333333333 0.1287037037037037
11 0.1 0.33240740740740743 0.178125 0.46111111111111114
7 0.1328125 0.5314814814814814 0.07760416666666667 0.1712962962962963
12 0.3640625 0.5009259259259259 0.06927083333333334 0.12407407407407407
9 0.08958333333333333 0.39166666666666666 0.08385416666666666 0.09814814814814815
0 0.7390625 0.850925925925926 0.07395833333333333 0.16944444444444445
2 0.365625 0.7611111111111111 0.134375 0.3990740740740741
7 0.371875 0.8203703703703704 0.06666666666666667 0.11203703703703703
2 0.944140625 0.19189814814814815 0.11171874999999998 0.3837962962962963
7 0.16354166666666667 0.3611111111111111 0.09635416666666667 0.16944444444444445
12 0.15729166666666666 0.7240740740740741 0.09114583333333333 0.15925925925925927
0 0.14739583333333334 0.15185185185185185 0.06770833333333333 0.23796296296296296
