18 0.428125 0.4324074074074074 0.058333333333333334 0.12037037037037036
9 0.46458333333333335 0.4564814814814815 0.08854166666666667 0.17314814814814813
8 0.2526041666666667 0.5425925925925926 0.07708333333333334 0.13703703703703704
8 0.659375 0.3962962962962963 0.06041666666666667 0.09444444444444444
14 0.21979166666666666 0.07037037037037037 0.08854166666666667 0.14074074074074075
0 0.15989583333333332 0.9460648148148147 0.0671875 0.1078703703703704
0 0.340625 0.33611111111111114 0.10364583333333334 0.21481481481481482
7 0.33177083333333335 0.45740740740740743 0.06614583333333333 0.12037037037037036
0 0.47604166666666664 0.3101851851851852 0.057291666666666664 0.17222222222222222
11 0.9574218750000001 0.32569444444444445 0.08515624999999993 0.6513888888888889
