0 0.30520833333333336 0.725 0.051041666666666666 0.2037037037037037
12 0.6994791666666667 0.43333333333333335 0.0828125 0.18518518518518517
0 0.4635416666666667 0.7055555555555556 0.06666666666666667 0.22962962962962963
14 0.7442708333333333 0.37037037037037035 0.059375 0.08055555555555556
14 0.6880208333333333 0.7805555555555556 0.09010416666666667 0.12222222222222222
19 0.6375 0.30277777777777776 0.12083333333333333 0.21388888888888888
11 0.15364583333333334 0.3398148148148148 0.178125 0.5222222222222223
16 0.7020833333333333 0.42314814814814816 0.0875 0.12962962962962962
15 0.7098958333333333 0.7546296296296297 0.109375 0.15462962962962962
13 0.540625 0.37222222222222223 0.12239583333333333 0.19537037037037036
