18 0.5682291666666667 0.24074074074074073 0.10625 0.13240740740740742
17 0.25729166666666664 0.712037037037037 0.12395833333333334 0.1537037037037037
0 0.9375 0.3962962962962963 0.09739583333333333 0.2564814814814815
10 0.4744791666666667 0.612037037037037 0.06875 0.1527777777777778
3 0.35208333333333336 0.5481481481481482 0.05625 0.10925925925925926
13 0.42239583333333336 0.6731481481481482 0.06510416666666667 0.10277777777777777
13 0.4270833333333333 0.38796296296296295 0.09895833333333333 0.1824074074074074
0 0.8010416666666667 0.29074074074074074 0.057291666666666664 0.22037037037037038
4 0.3692708333333333 0.5305555555555556 0.0921875 0.12037037037037036
11 0.9263020833333333 0.19837962962962963 0.14739583333333328 0.39675925925925926
