9 0.33645833333333336 0.6046296296296296 0.0875 0.12037037037037036
9 0.49895833333333334 0.22685185185185186 0.0546875 0.11388888888888889
15 0.4947916666666667 0.6305555555555555 0.10104166666666667 0.15185185185185185
2 0.853125 0.79375 0.134375 0.4125
16 0.5838541666666667 0.42962962962962964 0.06041666666666667 0.10925925925925926
19 0.41354166666666664 0.18055555555555555 0.09791666666666667 0.1962962962962963
2 0.091015625 0.2537037037037037 0.18203125 0.5074074074074074
7 0.45364583333333336 0.3861111111111111 0.065625 0.1574074074074074
9 0.5692708333333333 0.362962962962963 0.09010416666666667 0.14722222222222223
0 0.8848958333333333 0.9194444444444445 0.07135416666666666 0.1611111111111111
1 0.45416666666666666 0.5981481481481481 0.13802083333333334 0.10925925925925926
