6 0.8265625 0.44166666666666665 0.11875 0.19907407407407407
1 0.29010416666666666 0.23796296296296296 0.11927083333333334 0.12962962962962962
0 0.9479166666666666 0.5138888888888888 0.04479166666666667 0.14907407407407408
16 0.6020833333333333 0.3425925925925926 0.08541666666666667 0.18981481481481483
2 0.8598958333333333 0.6351851851851852 0.18229166666666666 0.6712962962962963
19 0.73125 0.5675925925925925 0.09479166666666666 0.1574074074074074
3 0.8567708333333334 0.8296296296296296 0.04739583333333333 0.08425925925925926
2 0.5177083333333333 0.26481481481481484 0.14114583333333333 0.40925925925925927
12 0.7432291666666667 0.6805555555555556 0.07604166666666666 0.09166666666666666
11 0.11979166666666667 0.6555555555555556 0.16145833333333334 0.5657407407407408
