13 0.3302083333333333 0.6407407407407407 0.0984375 0.1962962962962963
2 0.6114583333333333 0.525 0.15572916666666667 0.6027777777777777
0 0.031510416666666666 0.7972222222222223 0.06302083333333333 0.2851851851851852
14 0.49375 0.26944444444444443 0.07291666666666667 0.1537037037037037
14 0.45625 0.5611111111111111 0.075 0.12037037037037036
0 0.7895833333333333 0.07962962962962963 0.06927083333333334 0.15925925925925927
2 0.3651041666666667 0.818287037037037 0.13854166666666667 0.36342592592592593
15 0.41510416666666666 0.6722222222222223 0.13177083333333334 0.13240740740740742
1 0.35208333333333336 0.9340277777777778 0.13125 0.13194444444444442
2 0.31875 0.25462962962962965 0.2046875 0.5092592592592593
