5 0.3619791666666667 0.637962962962963 0.06927083333333334 0.09814814814814815
6 0.4348958333333333 0.6138888888888889 0.10833333333333334 0.1574074074074074
3 0.3927083333333333 0.6509259259259259 0.10260416666666666 0.17037037037037037
17 0.4322916666666667 0.36666666666666664 0.06302083333333333 0.09166666666666666
0 0.9532552083333333 0.5879629629629629 0.09348958333333335 0.26666666666666666
0 0.7302083333333333 0.6407407407407407 0.08125 0.18333333333333332
6 0.5171875 0.4212962962962963 0.159375 0.18611111111111112
0 0.20208333333333334 0.9349537037037037 0.07604166666666666 0.13009259259259254
8 0.6359375 0.6462962962962963 0.12395833333333334 0.1962962962962963
16 0.33489583333333334 0.6277777777777778 0.07447916666666667 0.12222222222222222
