11 0.09895833333333333 0.524074074074074 0.19791666666666666 0.5148148148148148
12 0.46197916666666666 0.5564814814814815 0.06145833333333333 0.07314814814814814
2 0.18489583333333334 0.1884259259259259 0.19583333333333333 0.3768518518518518
8 0.36354166666666665 0.5898148148148148 0.103125 0.17037037037037037
0 0.5078125 0.08865740740740741 0.06979166666666667 0.17731481481481481
3 0.278125 0.5064814814814815 0.06770833333333333 0.09074074074074075
0 0.6453125 0.09189814814814815 0.09322916666666667 0.1837962962962963
7 0.5515625 0.5712962962962963 0.06666666666666667 0.15185185185185185
11 0.7921875 0.7740740740740741 0.178125 0.45185185185185184
13 0.41354166666666664 0.5435185185185185 0.096875 0.14537037037037037
