2 0.7010416666666667 0.8534722222222222 0.20052083333333334 0.2930555555555555
14 0.24270833333333333 0.32685185185185184 0.058854166666666666 0.08518518518518518
5 0.37552083333333336 0.22685185185185186 0.0515625 0.12685185185185185
0 0.9592447916666667 0.3333333333333333 0.08151041666666659 0.2
18 0.20677083333333332 0.7592592592592593 0.11822916666666666 0.1648148148148148
19 0.19375 0.44722222222222224 0.08385416666666666 0.14537037037037037
0 0.03229166666666666 0.5953703703703703 0.06458333333333333 0.22777777777777777
11 0.6302083333333334 0.22685185185185186 0.2125 0.4537037037037037
0 0.834375 0.924537037037037 0.07864583333333333 0.1509259259259259
8 0.5239583333333333 0.5296296296296297 0.059895833333333336 0.10740740740740741
17 0.35208333333333336 0.41574074074074074 0.11354166666666667 0.15185185185185185
