19 0.725 0.5805555555555556 0.07916666666666666 0.10648148148148148
9 0.8390625 0.7361111111111112 0.10260416666666666 0.1574074074074074
17 0.27239583333333334 0.3287037037037037 0.08541666666666667 0.12037037037037036
10 0.5026041666666666 0.3611111111111111 0.16041666666666668 0.18796296296296297
0 0.5421875 0.8657407407407407 0.0796875 0.225
10 0.646875 0.4703703703703704 0.11145833333333334 0.17685185185185184
8 0.48333333333333334 0.4425925925925926 0.07135416666666666 0.07685185185185185
2 0.6619791666666667 0.7379629629629629 0.15989583333333332 0.4425925925925926
2 0.9111979166666667 0.4398148148148148 0.17760416666666656 0.4935185185185185
1 0.8546875 0.07962962962962963 0.1234375 0.13148148148148148
