0 0.7171875 0.6027777777777777 0.125 0.3138888888888889
0 0.3645833333333333 0.3592592592592593 0.11770833333333333 0.1648148148148148
15 0.8557291666666667 0.462037037037037 0.10572916666666667 0.18611111111111112
7 0.7489583333333333 0.42777777777777776 0.05260416666666667 0.12129629629629629
2 0.9627604166666667 0.5472222222222223 0.07447916666666665 0.42962962962962964
9 0.7213541666666666 0.48148148148148145 0.10104166666666667 0.1712962962962963
11 0.5921875 0.3861111111111111 0.13020833333333334 0.3888888888888889
2 0.39479166666666665 0.6435185185185185 0.153125 0.65
4 0.5578125 0.6314814814814815 0.05572916666666667 0.1037037037037037
0 0.3578125 0.9115740740740741 0.08229166666666667 0.17685185185185182
