0 0.4078125 0.20277777777777778 0.051041666666666666 0.19074074074074074
2 0.051171875 0.5518518518518518 0.10234375 0.47314814814814815
11 0.74375 0.14884259259259258 0.16197916666666667 0.29768518518518516
0 0.74375 0.7407407407407407 0.14166666666666666 0.2953703703703704
12 0.11145833333333334 0.2324074074074074 0.07708333333333334 0.16203703703703703
8 0.06770833333333333 0.6231481481481481 0.05625 0.10925925925925926
3 0.07447916666666667 0.8018518518518518 0.11927083333333334 0.16296296296296298
18 0.28958333333333336 0.45740740740740743 0.0609375 0.09722222222222222
2 0.4890625 0.3925925925925926 0.165625 0.4546296296296296
3 0.33177083333333335 0.4842592592592593 0.1 0.17037037037037037
