6 0.2677083333333333 0.4888888888888889 0.08333333333333333 0.17407407407407408
14 0.22291666666666668 0.45555555555555555 0.07916666666666666 0.13333333333333333
11 0.7052083333333333 0.30277777777777776 0.1421875 0.40185185185185185
19 0.271875 0.7518518518518519 0.10260416666666666 0.16574074074074074
7 0.18645833333333334 0.5574074074074075 0.0671875 0.11018518518518519
0 0.7182291666666667 0.9157407407407407 0.0515625 0.1685185185185185
3 0.5140625 0.5351851851851852 0.09166666666666666 0.12685185185185185
11 0.6989583333333333 0.2222222222222222 0.2046875 0.4444444444444444
2 0.8515625 0.2412037037037037 0.16614583333333333 0.4824074074074074
17 0.20520833333333333 0.6111111111111112 0.13072916666666667 0.17962962962962964
0 0.4479166666666667 0.6703703703703704 0.053125 0.1935185185185185
