14 0.3536458333333333 0.37962962962962965 0.08697916666666666 0.1685185185185185
13 0.46510416666666665 0.7212962962962963 0.06302083333333333 0.09814814814814815
2 0.3067708333333333 0.35833333333333334 0.13125 0.38796296296296295
8 0.253125 0.7814814814814814 0.09583333333333334 0.12777777777777777
13 0.42135416666666664 0.4185185185185185 0.09010416666666667 0.14444444444444443
7 0.4765625 0.6018518518518519 0.0921875 0.1675925925925926
2 0.7145833333333333 0.18773148148148147 0.190625 0.37546296296296294
1 0.6421875 0.8861111111111111 0.12447916666666667 0.1398148148148148
8 0.15833333333333333 0.5212962962962963 0.1328125 0.18888888888888888
0 0.046875 0.5953703703703703 0.08854166666666667 0.19444444444444445
2 0.23020833333333332 0.24189814814814814 0.22239583333333332 0.4837962962962963
