0 0.13333333333333333 0.10393518518518519 0.07916666666666666 0.20787037037037037
2 0.7114583333333333 0.7583333333333333 0.20572916666666666 0.4833333333333333
19 0.5973958333333333 0.2740740740740741 0.1 0.11296296296296296
1 0.7182291666666667 0.46111111111111114 0.15260416666666668 0.225
11 0.6244791666666667 0.18611111111111112 0.16197916666666667 0.37222222222222223
17 0.8104166666666667 0.42592592592592593 0.07447916666666667 0.14351851851851852
19 0.6036458333333333 0.6027777777777777 0.109375 0.1388888888888889
7 0.46510416666666665 0.27685185185185185 0.05416666666666667 0.09907407407407408
7 0.5630208333333333 0.03217592592592593 0.06927083333333334 0.06435185185185185
15 0.6682291666666667 0.7092592592592593 0.12395833333333334 0.14907407407407408
2 0.6640625 0.774074074074074 0.1234375 0.3972222222222222
