0 0.7036458333333333 0.26481481481481484 0.09375 0.26481481481481484
7 0.3067708333333333 0.12222222222222222 0.08020833333333334 0.1425925925925926
7 0.45364583333333336 0.33611111111111114 0.059375 0.1388888888888889
4 0.5125 0.3731481481481482 0.09895833333333333 0.14074074074074075
15 0.5213541666666667 0.2916666666666667 0.115625 0.1537037037037037
2 0.6020833333333333 0.5324074074074074 0.14270833333333333 0.4185185185185185
5 0.40260416666666665 0.4305555555555556 0.0625 0.09351851851851851
7 0.48333333333333334 0.46574074074074073 0.096875 0.2037037037037037
19 0.48802083333333335 0.26666666666666666 0.0625 0.13240740740740742
0 0.09427083333333333 0.2953703703703704 0.07552083333333333 0.18981481481481483
0 0.6458333333333334 0.6731481481481482 0.08541666666666667 0.1675925925925926
