7 0.4265625 0.525 0.0953125 0.12222222222222222
9 0.40260416666666665 0.675 0.0890625 0.1638888888888889
2 0.9213541666666667 0.34074074074074073 0.15729166666666672 0.5175925925925926
0 0.4197916666666667 0.3435185185185185 0.13802083333333334 0.2037037037037037
19 0.096875 0.6111111111111112 0.11041666666666666 0.16111111111111112
5 0.365625 0.16666666666666666 0.05572916666666667 0.11203703703703703
1 0.6864583333333333 0.7685185185185185 0.1375 0.1925925925925926
2 0.40208333333333335 0.8796296296296297 0.1375 0.2407407407407407
9 0.2125 0.6305555555555555 0.11458333333333333 0.1675925925925926
3 0.5583333333333333 0.33425925925925926 0.1140625 0.14629629629629629
7 0.503125 0.6611111111111111 0.0765625 0.11296296296296296
0 0.546875 0.044444444444444446 0.06302083333333333 0.08888888888888889
