4 0.46510416666666665 0.8185185185185185 0.08645833333333333 0.17777777777777778
0 0.13697916666666668 0.5666666666666667 0.1234375 0.16574074074074074
16 0.58125 0.5694444444444444 0.06822916666666666 0.14166666666666666
11 0.5494791666666666 0.8092592592592592 0.20520833333333333 0.38148148148148153
18 0.5916666666666667 0.4009259259259259 0.1 0.1638888888888889
15 0.5484375 0.5037037037037037 0.10052083333333334 0.1962962962962963
3 0.5348958333333333 0.6287037037037037 0.08541666666666667 0.17962962962962964
11 0.6526041666666667 0.362962962962963 0.1296875 0.3962962962962963
17 0.29375 0.2953703703703704 0.1046875 0.1537037037037037
0 0.16666666666666666 0.65 0.13072916666666667 0.30925925925925923
11 0.1390625 0.25763888888888886 0.19895833333333332 0.5152777777777777
0 0.03372395833333333 0.4027777777777778 0.06744791666666666 0.21296296296296297
