9 0.346875 0.4546296296296296 0.06354166666666666 0.12407407407407407
0 0.7723958333333333 0.08310185185185186 0.12760416666666666 0.16620370370370371
15 0.24947916666666667 0.3907407407407407 0.13333333333333333 0.15185185185185185
7 0.296875 0.6055555555555555 0.09947916666666666 0.21944444444444444
15 0.15572916666666667 0.8527777777777777 0.084375 0.09166666666666666
0 0.38958333333333334 0.7712962962962963 0.11041666666666666 0.16203703703703703
2 0.175 0.40925925925925927 0.20989583333333334 0.5064814814814815
0 0.09947916666666666 0.6138888888888889 0.1359375 0.18611111111111112
5 0.25625 0.29907407407407405 0.06041666666666667 0.13703703703703704
11 0.6364583333333333 0.6583333333333333 0.19427083333333334 0.6574074074074074
