0 0.30572916666666666 0.7907407407407407 0.049479166666666664 0.21666666666666667
0 0.9109375 0.6074074074074074 0.07135416666666666 0.25555555555555554
2 0.4828125 0.40185185185185185 0.19583333333333333 0.5935185185185186
0 0.96015625 0.1111111111111111 0.07968750000000002 0.15462962962962962
2 0.3109375 0.3638888888888889 0.16145833333333334 0.524074074074074
8 0.6041666666666666 0.8055555555555556 0.13177083333333334 0.18425925925925926
4 0.5677083333333334 0.19537037037037036 0.10572916666666667 0.16574074074074074
14 0.8255208333333334 0.5342592592592592 0.0671875 0.13333333333333333
15 0.7010416666666667 0.39166666666666666 0.10520833333333333 0.10555555555555556
2 0.9434895833333333 0.15925925925925927 0.11302083333333335 0.31851851851851853
