19 0.7276041666666667 0.6416666666666667 0.0625 0.1287037037037037
12 0.5489583333333333 0.7962962962962963 0.06145833333333333 0.07407407407407407
0 0.08190104166666667 0.14444444444444443 0.16380208333333335 0.26296296296296295
2 0.39114583333333336 0.8490740740740741 0.18854166666666666 0.3018518518518518
17 0.46927083333333336 0.4740740740740741 0.06770833333333333 0.11388888888888889
16 0.6098958333333333 0.8342592592592593 0.09427083333333333 0.15833333333333333
11 0.5541666666666667 0.805787037037037 0.17604166666666668 0.38842592592592595
11 0.5854166666666667 0.5277777777777778 0.225 0.5527777777777778
14 0.565625 0.47962962962962963 0.04583333333333333 0.09259259259259259
0 0.6463541666666667 0.1814814814814815 0.096875 0.175
17 0.59375 0.6796296296296296 0.096875 0.18796296296296297
