2 0.07174479166666667 0.7203703703703703 0.14348958333333334 0.41388888888888886
14 0.390625 0.25925925925925924 0.058854166666666666 0.15648148148148147
0 0.8333333333333334 0.26296296296296295 0.134375 0.18518518518518517
2 0.6026041666666667 0.8256944444444445 0.18229166666666666 0.3486111111111111
0 0.5984375 0.9134259259259259 0.0546875 0.17314814814814816
4 0.30625 0.3453703703703704 0.08072916666666667 0.12129629629629629
4 0.32135416666666666 0.5277777777777778 0.04583333333333333 0.0787037037037037
18 0.4270833333333333 0.8537037037037037 0.053125 0.08425925925925926
7 0.5484375 0.5305555555555556 0.05625 0.09907407407407408
15 0.19270833333333334 0.5675925925925925 0.06875 0.1648148148148148
