16 0.33177083333333335 0.4648148148148148 0.1203125 0.12777777777777777
1 0.6598958333333333 0.07685185185185185 0.06875 0.14814814814814814
19 0.7 0.5101851851851852 0.07604166666666666 0.11944444444444445
15 0.40729166666666666 0.6324074074074074 0.14947916666666666 0.2212962962962963
9 0.45729166666666665 0.1388888888888889 0.08854166666666667 0.14814814814814814
7 0.5765625 0.5435185185185185 0.12708333333333333 0.24074074074074073
18 0.5619791666666667 0.04444444444444444 0.08020833333333334 0.08888888888888888
18 0.4739583333333333 0.275 0.0703125 0.1361111111111111
11 0.9497395833333333 0.4361111111111111 0.10052083333333328 0.5712962962962963
0 0.21197916666666666 0.5935185185185186 0.07291666666666667 0.19537037037037036
