16 0.2984375 0.040046296296296295 0.057291666666666664 0.08009259259259259
10 0.5317708333333333 0.3768518518518518 0.0890625 0.17685185185185184
0 0.95625 0.27870370370370373 0.07864583333333333 0.2324074074074074
18 0.44947916666666665 0.33055555555555555 0.06770833333333333 0.11296296296296296
6 0.4484375 0.5194444444444445 0.07760416666666667 0.1675925925925926
3 0.5145833333333333 0.2675925925925926 0.07395833333333333 0.11944444444444445
2 0.1515625 0.6018518518518519 0.17604166666666668 0.4981481481481482
0 0.6802083333333333 0.7722222222222223 0.07395833333333333 0.1935185185185185
0 0.8036458333333333 0.08055555555555555 0.08020833333333334 0.1611111111111111
16 0.5104166666666666 0.5037037037037037 0.06979166666666667 0.12314814814814815
