17 0.8776041666666666 0.5546296296296296 0.07239583333333334 0.15185185185185185
7 0.9119791666666667 0.3509259259259259 0.09166666666666666 0.21296296296296297
8 0.6041666666666666 0.5305555555555556 0.11458333333333333 0.2101851851851852
0 0.39479166666666665 0.9043981481481481 0.12447916666666667 0.19120370370370376
1 0.7666666666666667 0.1814814814814815 0.07135416666666666 0.14351851851851852
3 0.9020833333333333 0.5574074074074075 0.046875 0.1037037037037037
17 0.6807291666666667 0.8194444444444444 0.0734375 0.11296296296296296
3 0.7270833333333333 0.462037037037037 0.10989583333333333 0.14074074074074075
11 0.9002604166666667 0.8291666666666666 0.19947916666666665 0.3416666666666667
6 0.7661458333333333 0.42407407407407405 0.1328125 0.1398148148148148
2 0.6838541666666667 0.5009259259259259 0.18697916666666667 0.47685185185185186
