5 0.5244791666666667 0.5314814814814814 0.078125 0.13055555555555556
11 0.09505208333333334 0.17592592592592593 0.19010416666666669 0.35185185185185186
3 0.5432291666666667 0.45740740740740743 0.0921875 0.13796296296296295
0 0.94609375 0.08819444444444445 0.10781249999999998 0.1763888888888889
2 0.35520833333333335 0.4962962962962963 0.15677083333333333 0.44537037037037036
16 0.6380208333333334 0.5935185185185186 0.0828125 0.20833333333333334
14 0.4192708333333333 0.8953703703703704 0.090625 0.1824074074074074
3 0.3609375 0.42592592592592593 0.0734375 0.1675925925925926
13 0.37395833333333334 0.5888888888888889 0.07864583333333333 0.1787037037037037
11 0.959765625 0.4009259259259259 0.08046874999999998 0.44722222222222224
12 0.5911458333333334 0.3638888888888889 0.04739583333333333 0.1259259259259259
