12 0.5979166666666667 0.06527777777777778 0.09791666666666667 0.13055555555555556
7 0.44583333333333336 0.6731481481481482 0.08072916666666667 0.16574074074074074
0 0.45989583333333334 0.562037037037037 0.08177083333333333 0.19444444444444445
11 0.44166666666666665 0.3148148148148148 0.12604166666666666 0.3851851851851852
5 0.6171875 0.3333333333333333 0.04114583333333333 0.11481481481481481
16 0.5005208333333333 0.39166666666666666 0.046875 0.1111111111111111
18 0.33177083333333335 0.4287037037037037 0.06614583333333333 0.10833333333333334
10 0.44479166666666664 0.6546296296296297 0.10729166666666666 0.21203703703703702
2 0.7369791666666666 0.49537037037037035 0.13333333333333333 0.5583333333333333
8 0.39947916666666666 0.5222222222222223 0.0921875 0.125
1 0.3885416666666667 0.6425925925925926 0.07239583333333334 0.24537037037037038
11 0.3609375 0.3824074074074074 0.18333333333333332 0.45555555555555555
