16 0.6255208333333333 0.15833333333333333 0.09010416666666667 0.14444444444444443
0 0.3359375 0.10138888888888889 0.11197916666666667 0.20277777777777778
0 0.43125 0.7898148148148149 0.1046875 0.20092592592592592
2 0.9260416666666667 0.4861111111111111 0.14375 0.4351851851851852
0 0.2375 0.1527777777777778 0.13229166666666667 0.22592592592592592
8 0.5380208333333333 0.2824074074074074 0.08125 0.1361111111111111
11 0.415625 0.29444444444444445 0.17083333333333334 0.5185185185185185
10 0.6078125 0.29814814814814816 0.1140625 0.21666666666666667
17 0.5057291666666667 0.38796296296296295 0.07916666666666666 0.14444444444444443
15 0.534375 0.5518518518518518 0.10989583333333333 0.13240740740740742
9 0.49375 0.5592592592592592 0.06822916666666666 0.13425925925925927
