2 0.8463541666666666 0.19791666666666669 0.19479166666666667 0.39583333333333337
18 0.175 0.799074074074074 0.07864583333333333 0.13518518518518519
0 0.05572916666666667 0.39444444444444443 0.10520833333333333 0.2675925925925926
5 0.1890625 0.9717592592592592 0.05364583333333333 0.056481481481481466
1 0.0609375 0.18981481481481483 0.08333333333333333 0.20555555555555555
4 0.2682291666666667 0.7138888888888889 0.12083333333333333 0.23425925925925925
11 0.4973958333333333 0.6620370370370371 0.159375 0.43333333333333335
7 0.2046875 0.5166666666666667 0.07604166666666666 0.11481481481481481
2 0.42239583333333336 0.14837962962962964 0.14010416666666667 0.2967592592592593
0 0.5802083333333333 0.6805555555555556 0.07395833333333333 0.23981481481481481
12 0.1515625 0.6416666666666667 0.058333333333333334 0.14166666666666666
12 0.13541666666666666 0.47129629629629627 0.08645833333333333 0.15925925925925927
