11 0.6661458333333333 0.2712962962962963 0.15885416666666666 0.5064814814814815
0 0.42552083333333335 0.5453703703703704 0.05364583333333333 0.2388888888888889
0 0.8020833333333334 0.22870370370370371 0.09895833333333333 0.17777777777777778
2 0.9365885416666666 0.18518518518518517 0.12682291666666667 0.37037037037037035
1 0.043619791666666664 0.7148148148148148 0.08723958333333333 0.2037037037037037
2 0.9 0.7685185185185186 0.17708333333333334 0.4629629629629629
17 0.29635416666666664 0.7425925925925926 0.11197916666666667 0.1685185185185185
18 0.2833333333333333 0.6574074074074074 0.058333333333333334 0.11851851851851852
16 0.34479166666666666 0.37962962962962965 0.06041666666666667 0.11666666666666667
18 0.06770833333333333 0.02361111111111111 0.06510416666666667 0.04722222222222222
19 0.3375 0.45925925925925926 0.10052083333333334 0.23981481481481481
