1 0.8635416666666667 0.35555555555555557 0.059375 0.13055555555555556
14 0.7427083333333333 0.6888888888888889 0.0796875 0.11851851851851852
2 0.17447916666666666 0.7490740740740741 0.15677083333333333 0.4703703703703704
6 0.4473958333333333 0.32685185185185184 0.16302083333333334 0.19444444444444445
0 0.5208333333333334 0.7620370370370371 0.10208333333333333 0.18055555555555555
7 0.6635416666666667 0.4675925925925926 0.05260416666666667 0.08796296296296297
14 0.7442708333333333 0.562037037037037 0.04635416666666667 0.12037037037037036
11 0.05169270833333334 0.11273148148148149 0.10338541666666667 0.22546296296296298
0 0.029166666666666667 0.4564814814814815 0.058333333333333334 0.24074074074074073
11 0.065234375 0.2935185185185185 0.13046875 0.5833333333333334
14 0.571875 0.6018518518518519 0.057291666666666664 0.13425925925925927
