11 0.18958333333333333 0.537962962962963 0.13958333333333334 0.5888888888888889
9 0.5010416666666667 0.2833333333333333 0.06302083333333333 0.09907407407407408
11 0.4552083333333333 0.8347222222222223 0.1921875 0.3305555555555555
0 0.04583333333333333 0.425 0.08020833333333334 0.21574074074074073
0 0.5833333333333334 0.32407407407407407 0.07395833333333333 0.19814814814814816
18 0.2989583333333333 0.40925925925925927 0.10364583333333334 0.16666666666666666
13 0.23541666666666666 0.725925925925926 0.065625 0.10092592592592593
0 0.7859375 0.7851851851851852 0.13645833333333332 0.34629629629629627
2 0.19166666666666668 0.18564814814814815 0.17447916666666666 0.3712962962962963
10 0.496875 0.6231481481481481 0.14114583333333333 0.20833333333333334
5 0.052083333333333336 0.5583333333333333 0.07395833333333333 0.10925925925925926
