9 0.7817708333333333 0.8648148148148148 0.0875 0.13333333333333333
8 0.5088541666666667 0.5074074074074074 0.05677083333333333 0.06759259259259259
2 0.05234375 0.775 0.1046875 0.3861111111111111
10 0.6864583333333333 0.6805555555555556 0.09947916666666666 0.17407407407407408
2 0.7359375 0.6407407407407407 0.1515625 0.44814814814814813
0 0.3729166666666667 0.2388888888888889 0.0828125 0.2074074074074074
9 0.4197916666666667 0.9027777777777778 0.05260416666666667 0.08333333333333333
7 0.5322916666666667 0.6962962962962963 0.09635416666666667 0.23148148148148148
11 0.9631510416666667 0.8108796296296297 0.0736979166666667 0.37824074074074077
9 0.37447916666666664 0.39166666666666666 0.0890625 0.15
6 0.6276041666666666 0.7805555555555556 0.10416666666666667 0.22037037037037038
