9 0.8088541666666667 0.475 0.09635416666666667 0.1824074074074074
11 0.6645833333333333 0.7787037037037037 0.18072916666666666 0.44259259259259265
2 0.04205729166666666 0.8067129629629629 0.08411458333333333 0.3865740740740742
0 0.7614583333333333 0.5925925925925926 0.090625 0.17685185185185184
0 0.4 0.7388888888888889 0.059375 0.2064814814814815
2 0.19010416666666666 0.3425925925925926 0.175 0.49074074074074076
8 0.7260416666666667 0.8601851851851852 0.06822916666666666 0.09074074074074075
12 0.6348958333333333 0.4648148148148148 0.0625 0.1175925925925926
13 0.6927083333333334 0.36574074074074076 0.08125 0.11481481481481481
18 0.6885416666666667 0.4324074074074074 0.06770833333333333 0.07592592592592592
0 0.036328125 0.47962962962962963 0.07265625 0.2777777777777778
5 0.8072916666666666 0.6111111111111112 0.11510416666666666 0.12962962962962962
