18 0.6458333333333334 0.47685185185185186 0.053125 0.07777777777777778
0 0.3229166666666667 0.8861111111111111 0.0703125 0.2175925925925926
0 0.69375 0.7453703703703703 0.10052083333333334 0.11296296296296296
2 0.328125 0.6916666666666667 0.16822916666666668 0.46111111111111114
17 0.6229166666666667 0.8 0.06979166666666667 0.09907407407407408
11 0.6135416666666667 0.6138888888888889 0.1515625 0.5296296296296297
14 0.721875 0.5074074074074074 0.0796875 0.11203703703703703
0 0.7302083333333333 0.3287037037037037 0.05364583333333333 0.24814814814814815
2 0.18645833333333334 0.5703703703703704 0.19270833333333334 0.5851851851851851
10 0.5098958333333333 0.09861111111111112 0.14479166666666668 0.19722222222222224
