19 0.20260416666666667 0.4101851851851852 0.08802083333333334 0.16203703703703703
4 0.41770833333333335 0.47685185185185186 0.06979166666666667 0.10833333333333334
1 0.8015625 0.5972222222222222 0.134375 0.14907407407407408
3 0.2526041666666667 0.32314814814814813 0.0734375 0.1388888888888889
10 0.31145833333333334 0.2490740740740741 0.11770833333333333 0.1638888888888889
1 0.06510416666666666 0.13703703703703704 0.13020833333333331 0.15462962962962962
14 0.3145833333333333 0.6203703703703703 0.07604166666666666 0.17314814814814813
9 0.19479166666666667 0.06782407407407406 0.08333333333333333 0.13564814814814813
14 0.3416666666666667 0.6537037037037037 0.0828125 0.20092592592592592
2 0.865625 0.4888888888888889 0.20625 0.575925925925926
0 0.948046875 0.16111111111111112 0.10390624999999998 0.23425925925925925
