0 0.7276041666666667 0.8425925925925926 0.08645833333333333 0.16944444444444445
0 0.19635416666666666 0.7675925925925926 0.14479166666666668 0.15833333333333333
16 0.4322916666666667 0.2824074074074074 0.051041666666666666 0.12685185185185185
19 0.24895833333333334 0.34074074074074073 0.14166666666666666 0.2064814814814815
4 0.5109375 0.3314814814814815 0.09166666666666666 0.175
11 0.5130208333333334 0.262037037037037 0.184375 0.47685185185185186
12 0.603125 0.5564814814814815 0.03697916666666667 0.08518518518518518
4 0.5213541666666667 0.41388888888888886 0.1234375 0.24351851851851852
6 0.44895833333333335 0.6574074074074074 0.0734375 0.13148148148148148
2 0.048177083333333336 0.718287037037037 0.09635416666666667 0.563425925925926
0 0.9364583333333333 0.475 0.11875 0.17962962962962964
11 0.2484375 0.125 0.12552083333333333 0.25
