17 0.6395833333333333 0.6888888888888889 0.11927083333333334 0.225
1 0.6729166666666667 0.8935185185185185 0.12291666666666666 0.1259259259259259
7 0.7541666666666667 0.18611111111111112 0.0578125 0.09907407407407408
0 0.9783854166666667 0.19907407407407407 0.04322916666666665 0.23703703703703705
2 0.7807291666666667 0.7986111111111112 0.1578125 0.4027777777777778
10 0.5885416666666666 0.49074074074074076 0.06458333333333334 0.1
11 0.5671875 0.7493055555555556 0.190625 0.5013888888888889
14 0.6692708333333334 0.3638888888888889 0.05572916666666667 0.09722222222222222
1 0.19635416666666666 0.93125 0.17916666666666667 0.13749999999999996
17 0.6265625 0.14629629629629629 0.08020833333333334 0.18703703703703703
5 0.68125 0.55 0.08333333333333333 0.19537037037037036
11 0.434375 0.8261574074074074 0.140625 0.3476851851851852
