14 0.73125 0.524074074074074 0.08229166666666667 0.15185185185185185
11 0.066796875 0.1564814814814815 0.13359375 0.312962962962963
0 0.4979166666666667 0.5009259259259259 0.0953125 0.1685185185185185
18 0.6213541666666667 0.3972222222222222 0.096875 0.17314814814814813
0 0.296875 0.1814814814814815 0.07760416666666667 0.2361111111111111
18 0.48541666666666666 0.5861111111111111 0.052083333333333336 0.11018518518518519
2 0.25416666666666665 0.14097222222222222 0.1953125 0.28194444444444444
0 0.8604166666666667 0.3472222222222222 0.09166666666666666 0.14166666666666666
7 0.6151041666666667 0.34814814814814815 0.04635416666666667 0.12314814814814815
5 0.5822916666666667 0.6814814814814815 0.1078125 0.2462962962962963
