19 0.278125 0.3074074074074074 0.07916666666666666 0.1648148148148148
16 0.2953125 0.7074074074074074 0.1078125 0.10740740740740741
0 0.553125 0.6564814814814814 0.11510416666666666 0.2175925925925926
7 0.3703125 0.25462962962962965 0.1328125 0.1537037037037037
14 0.18489583333333334 0.6370370370370371 0.10729166666666666 0.18981481481481483
4 0.375 0.4101851851851852 0.05520833333333333 0.09537037037037037
0 0.35260416666666666 0.6555555555555556 0.1 0.3814814814814815
0 0.7151041666666667 0.8398148148148148 0.08072916666666667 0.14351851851851852
2 0.659375 0.7835648148148149 0.15052083333333333 0.43287037037037035
18 0.39479166666666665 0.0712962962962963 0.07083333333333333 0.11388888888888889
