0 0.03723958333333333 0.225 0.07447916666666667 0.15092592592592594
17 0.14583333333333334 0.3194444444444444 0.0625 0.09351851851851851
2 0.6854166666666667 0.6037037037037037 0.13802083333333334 0.5851851851851851
8 0.1609375 0.44351851851851853 0.14583333333333334 0.225
9 0.19479166666666667 0.7888888888888889 0.09375 0.13703703703703704
4 0.121875 0.575 0.071875 0.125
0 0.2359375 0.21944444444444444 0.09010416666666667 0.1527777777777778
11 0.37916666666666665 0.6185185185185185 0.15729166666666666 0.5879629629629629
8 0.259375 0.18055555555555555 0.0484375 0.11388888888888889
18 0.38958333333333334 0.5314814814814814 0.0890625 0.14074074074074075
11 0.14479166666666668 0.6666666666666666 0.14322916666666666 0.41944444444444445
15 0.2578125 0.700925925925926 0.1546875 0.17407407407407408
