9 0.475 0.6666666666666666 0.05677083333333333 0.11203703703703703
0 0.04765625 0.30462962962962964 0.0953125 0.1638888888888889
7 0.521875 0.44166666666666665 0.05677083333333333 0.11388888888888889
4 0.5052083333333334 0.3416666666666667 0.06666666666666667 0.11666666666666667
15 0.5390625 0.30648148148148147 0.1203125 0.26666666666666666
11 0.43697916666666664 0.30092592592592593 0.17447916666666666 0.47314814814814815
0 0.12395833333333334 0.2564814814814815 0.09947916666666666 0.22407407407407406
0 0.35104166666666664 0.2777777777777778 0.10520833333333333 0.2462962962962963
11 0.40677083333333336 0.35648148148148145 0.20989583333333334 0.5074074074074074
14 0.4947916666666667 0.6259259259259259 0.058333333333333334 0.13055555555555556
18 0.5135416666666667 0.35648148148148145 0.0671875 0.13055555555555556
4 0.4088541666666667 0.825925925925926 0.1078125 0.22407407407407406
