2 0.5411458333333333 0.462037037037037 0.23489583333333333 0.562962962962963
0 0.9229166666666667 0.5212962962962963 0.10052083333333334 0.2212962962962963
0 0.5 0.8361111111111111 0.1859375 0.32407407407407407
18 0.390625 0.15462962962962962 0.059895833333333336 0.10740740740740741
6 0.3614583333333333 0.44537037037037036 0.12864583333333332 0.18703703703703703
3 0.3875 0.16203703703703703 0.057291666666666664 0.10277777777777777
12 0.42916666666666664 0.20277777777777778 0.06979166666666667 0.17314814814814813
11 0.61875 0.5111111111111111 0.1609375 0.637962962962963
17 0.48385416666666664 0.2777777777777778 0.10572916666666667 0.15
2 0.9384114583333334 0.7648148148148148 0.12317708333333333 0.462037037037037
