0 0.34270833333333334 0.5833333333333334 0.15208333333333332 0.2777777777777778
2 0.4703125 0.7969907407407408 0.1671875 0.40601851851851845
4 0.3463541666666667 0.39537037037037037 0.06770833333333333 0.11018518518518519
3 0.3151041666666667 0.6592592592592592 0.058333333333333334 0.11388888888888889
2 0.037369791666666666 0.24259259259259258 0.07473958333333333 0.4305555555555556
1 0.0421875 0.5231481481481481 0.084375 0.13333333333333333
0 0.025 0.40555555555555556 0.05 0.2037037037037037
6 0.46145833333333336 0.5675925925925925 0.08385416666666666 0.14629629629629629
4 0.44375 0.75 0.09791666666666667 0.12222222222222222
18 0.38385416666666666 0.31203703703703706 0.09322916666666667 0.17037037037037037
8 0.3697916666666667 0.1425925925925926 0.1046875 0.2212962962962963
6 0.49322916666666666 0.29907407407407405 0.1515625 0.1814814814814815
