10 0.42239583333333336 0.2898148148148148 0.1734375 0.2675925925925926
2 0.9028645833333333 0.7425925925925926 0.1942708333333334 0.5148148148148148
9 0.5791666666666667 0.5055555555555555 0.0875 0.14722222222222223
0 0.7979166666666667 0.7064814814814815 0.1171875 0.18796296296296297
9 0.409375 0.25277777777777777 0.0703125 0.12407407407407407
11 0.4744791666666667 0.6694444444444444 0.184375 0.5416666666666666
1 0.07708333333333334 0.035416666666666666 0.05260416666666667 0.07083333333333333
4 0.43333333333333335 0.5481481481481482 0.08854166666666667 0.17962962962962964
8 0.5817708333333333 0.3814814814814815 0.10625 0.17407407407407408
11 0.069921875 0.5537037037037037 0.13984375 0.4759259259259259
0 0.8625 0.6314814814814815 0.128125 0.19444444444444445
8 0.5526041666666667 0.2490740740740741 0.0921875 0.19166666666666668
