12 0.4239583333333333 0.08703703703703704 0.07604166666666666 0.1648148148148148
3 0.45416666666666666 0.6787037037037037 0.07552083333333333 0.1425925925925926
1 0.9010416666666666 0.23055555555555557 0.09739583333333333 0.21666666666666667
12 0.5625 0.524074074074074 0.050520833333333334 0.11574074074074074
12 0.6125 0.6527777777777778 0.065625 0.12777777777777777
11 0.7057291666666666 0.5574074074074075 0.1890625 0.549074074074074
16 0.7765625 0.4537037037037037 0.07708333333333334 0.12129629629629629
11 0.4041666666666667 0.17708333333333331 0.17395833333333333 0.35416666666666663
6 0.6953125 0.5574074074074075 0.13958333333333334 0.24259259259259258
0 0.0734375 0.4101851851851852 0.0734375 0.17777777777777778
