9 0.23020833333333332 0.049074074074074076 0.084375 0.09814814814814815
4 0.35052083333333334 0.9101851851851852 0.058854166666666666 0.08333333333333333
12 0.46822916666666664 0.5583333333333333 0.06614583333333333 0.11481481481481481
11 0.09479166666666666 0.4546296296296296 0.14375 0.45555555555555555
0 0.04283854166666667 0.22777777777777777 0.08567708333333333 0.21203703703703702
3 0.3359375 0.46111111111111114 0.08333333333333333 0.15648148148148147
8 0.44947916666666665 0.37777777777777777 0.09739583333333333 0.15833333333333333
4 0.5088541666666667 0.7712962962962963 0.0796875 0.11574074074074074
2 0.759375 0.2189814814814815 0.18385416666666668 0.437962962962963
18 0.32135416666666666 0.10648148148148148 0.07916666666666666 0.10925925925925926
