11 0.1890625 0.20972222222222223 0.18385416666666668 0.41944444444444445
16 0.7786458333333334 0.3074074074074074 0.1171875 0.2111111111111111
16 0.4348958333333333 0.475 0.08802083333333334 0.14907407407407408
8 0.5869791666666667 0.3537037037037037 0.121875 0.2462962962962963
11 0.7932291666666667 0.7300925925925925 0.17395833333333333 0.5398148148148149
2 0.7078125 0.5027777777777778 0.209375 0.6277777777777778
0 0.1015625 0.4675925925925926 0.06197916666666667 0.18888888888888888
0 0.103125 0.5740740740740741 0.096875 0.15833333333333333
19 0.6385416666666667 0.38425925925925924 0.09635416666666667 0.18518518518518517
1 0.45 0.5833333333333334 0.10677083333333333 0.21944444444444444
