5 0.07604166666666666 0.7888888888888889 0.09375 0.15
0 0.6197916666666666 0.43703703703703706 0.11666666666666667 0.2518518518518518
16 0.1359375 0.4935185185185185 0.0828125 0.14537037037037037
4 0.3302083333333333 0.4398148148148148 0.08541666666666667 0.15462962962962962
2 0.775 0.3925925925925926 0.26458333333333334 0.6314814814814815
4 0.12864583333333332 0.6981481481481482 0.09375 0.1962962962962963
7 0.17083333333333334 0.5148148148148148 0.0859375 0.13425925925925927
14 0.2682291666666667 0.15648148148148147 0.057291666666666664 0.08518518518518518
4 0.3776041666666667 0.5370370370370371 0.058333333333333334 0.08888888888888889
2 0.5578125 0.2953703703703704 0.1453125 0.5611111111111111
