9 0.5104166666666666 0.7648148148148148 0.10208333333333333 0.20185185185185187
1 0.4296875 0.5398148148148149 0.08802083333333334 0.14166666666666666
14 0.6947916666666667 0.5101851851851852 0.07604166666666666 0.11666666666666667
0 0.5619791666666667 0.6064814814814815 0.058854166666666666 0.1685185185185185
15 0.5421875 0.5824074074074074 0.09479166666666666 0.13148148148148148
6 0.29739583333333336 0.4287037037037037 0.09010416666666667 0.2101851851851852
0 0.5635416666666667 0.3212962962962963 0.0515625 0.18611111111111112
10 0.5234375 0.5361111111111111 0.10416666666666667 0.20833333333333334
7 0.5364583333333334 0.6564814814814814 0.0578125 0.10092592592592593
2 0.8947916666666667 0.44907407407407407 0.153125 0.4425925925925926
