14 0.3546875 0.4824074074074074 0.08333333333333333 0.22592592592592592
10 0.29375 0.6101851851851852 0.11979166666666667 0.24351851851851852
18 0.5796875 0.8462962962962963 0.0546875 0.12962962962962962
19 0.5744791666666667 0.8722222222222222 0.10625 0.17407407407407408
2 0.640625 0.8365740740740741 0.17291666666666666 0.32685185185185184
19 0.6421875 0.1935185185185185 0.08177083333333333 0.11018518518518519
11 0.5505208333333333 0.387037037037037 0.16666666666666666 0.4583333333333333
11 0.3932291666666667 0.33055555555555555 0.146875 0.4425925925925926
9 0.45625 0.6555555555555556 0.058333333333333334 0.12685185185185185
0 0.6880208333333333 0.32037037037037036 0.09166666666666666 0.23055555555555557
