0 0.4 0.28888888888888886 0.11197916666666667 0.2111111111111111
0 0.7833333333333333 0.8222222222222222 0.0640625 0.2833333333333333
14 0.5546875 0.46574074074074073 0.046875 0.07314814814814814
11 0.384375 0.14583333333333334 0.215625 0.2916666666666667
18 0.7421875 0.5342592592592592 0.12395833333333334 0.14722222222222223
19 0.7020833333333333 0.2611111111111111 0.11875 0.2324074074074074
14 0.6505208333333333 0.3277777777777778 0.04791666666666667 0.07685185185185185
2 0.3 0.2375 0.20520833333333333 0.475
14 0.6619791666666667 0.2074074074074074 0.05 0.07962962962962963
16 0.6026041666666667 0.5092592592592593 0.052083333333333336 0.11388888888888889
16 0.4713541666666667 0.37407407407407406 0.0859375 0.13333333333333333
11 0.7 0.7696759259259259 0.16145833333333334 0.46064814814814814
