12 0.2890625 0.35555555555555557 0.04583333333333333 0.10648148148148148
2 0.4114583333333333 0.8085648148148148 0.20677083333333332 0.3828703703703704
2 0.6317708333333333 0.6388888888888888 0.15729166666666666 0.5509259259259259
8 0.6020833333333333 0.3685185185185185 0.1 0.1361111111111111
4 0.4197916666666667 0.6388888888888888 0.06666666666666667 0.08518518518518518
17 0.3625 0.45185185185185184 0.0890625 0.14629629629629629
18 0.4666666666666667 0.4981481481481482 0.08958333333333333 0.08888888888888889
14 0.4505208333333333 0.6768518518518518 0.0765625 0.18425925925925926
0 0.9497395833333333 0.7583333333333333 0.10052083333333328 0.34444444444444444
11 0.2796875 0.2914351851851852 0.16302083333333334 0.5828703703703704
