11 0.6359375 0.8217592592592593 0.18229166666666666 0.3564814814814814
1 0.7015625 0.9268518518518518 0.11875 0.14629629629629637
9 0.2708333333333333 0.4351851851851852 0.08958333333333333 0.15648148148148147
0 0.29583333333333334 0.17592592592592593 0.10416666666666667 0.13703703703703704
11 0.3625 0.65 0.16666666666666666 0.462037037037037
2 0.38385416666666666 0.13495370370370371 0.1546875 0.26990740740740743
5 0.015625 0.5462962962962963 0.03125 0.10648148148148148
13 0.3958333333333333 0.8361111111111111 0.08854166666666667 0.16203703703703703
18 0.271875 0.37777777777777777 0.05572916666666667 0.09444444444444444
0 0.08125 0.675 0.11458333333333333 0.21944444444444444
