10 0.4041666666666667 0.32037037037037036 0.07083333333333333 0.10555555555555556
0 0.3416666666666667 0.799074074074074 0.1109375 0.17222222222222222
17 0.2734375 0.8953703703703704 0.09947916666666666 0.15185185185185185
0 0.93125 0.8921296296296296 0.11458333333333333 0.2157407407407408
0 0.7317708333333334 0.549074074074074 0.11927083333333334 0.23981481481481481
14 0.21666666666666667 0.7314814814814815 0.09427083333333333 0.15925925925925927
11 0.5177083333333333 0.8173611111111111 0.20052083333333334 0.3652777777777778
16 0.41041666666666665 0.9650462962962962 0.071875 0.06990740740740742
2 0.13958333333333334 0.19722222222222222 0.1953125 0.39444444444444443
2 0.11302083333333333 0.8550925925925926 0.15677083333333333 0.28981481481481475
14 0.278125 0.7490740740740741 0.08802083333333334 0.13703703703703704
