2 0.6401041666666667 0.45185185185185184 0.19427083333333334 0.5888888888888889
6 0.6583333333333333 0.37962962962962965 0.07760416666666667 0.16018518518518518
5 0.54375 0.5527777777777778 0.06614583333333333 0.12962962962962962
0 0.09479166666666666 0.9050925925925926 0.08697916666666666 0.18981481481481477
5 0.553125 0.49166666666666664 0.07916666666666666 0.12129629629629629
10 0.5234375 0.25092592592592594 0.12239583333333333 0.22407407407407406
11 0.5322916666666667 0.48703703703703705 0.15104166666666666 0.4324074074074074
12 0.303125 0.7944444444444444 0.090625 0.1287037037037037
5 0.19791666666666666 0.43333333333333335 0.0734375 0.17407407407407408
0 0.9842447916666666 0.41944444444444445 0.03151041666666676 0.20925925925925926
2 0.37083333333333335 0.8296296296296296 0.19427083333333334 0.3407407407407408
6 0.18854166666666666 0.2833333333333333 0.07135416666666666 0.14907407407407408
