12 0.12708333333333333 0.40925925925925927 0.06041666666666667 0.11851851851851852
11 0.703125 0.20046296296296298 0.2 0.40092592592592596
2 0.8057291666666667 0.14282407407407408 0.22760416666666666 0.28564814814814815
0 0.6338541666666667 0.18333333333333332 0.05260416666666667 0.23333333333333334
14 0.0828125 0.2796296296296296 0.05625 0.14722222222222223
12 0.23177083333333334 0.5703703703703704 0.08177083333333333 0.12037037037037036
14 0.1515625 0.11944444444444445 0.09895833333333333 0.1287037037037037
0 0.5625 0.6805555555555556 0.0734375 0.2777777777777778
0 0.31302083333333336 0.3861111111111111 0.0859375 0.28425925925925927
7 0.25364583333333335 0.16203703703703703 0.11458333333333333 0.14537037037037037
3 0.15208333333333332 0.3333333333333333 0.04375 0.10555555555555556
