14 0.3182291666666667 0.18703703703703703 0.07135416666666666 0.09722222222222222
15 0.32760416666666664 0.14444444444444443 0.05625 0.08888888888888889
0 0.05572916666666667 0.3277777777777778 0.08802083333333334 0.16018518518518518
14 0.41822916666666665 0.6472222222222223 0.07604166666666666 0.1259259259259259
0 0.625 0.337037037037037 0.13333333333333333 0.28425925925925927
9 0.3619791666666667 0.7055555555555556 0.1015625 0.14814814814814814
2 0.34010416666666665 0.5185185185185185 0.14166666666666666 0.5777777777777777
9 0.36666666666666664 0.1814814814814815 0.07552083333333333 0.1259259259259259
2 0.10520833333333333 0.26666666666666666 0.19270833333333334 0.5064814814814815
11 0.19114583333333332 0.7689814814814815 0.17083333333333334 0.462037037037037
0 0.5229166666666667 0.4537037037037037 0.05364583333333333 0.22037037037037038
8 0.33125 0.2351851851851852 0.0875 0.16203703703703703
