6 0.8484375 0.4898148148148148 0.13333333333333333 0.1787037037037037
4 0.7916666666666666 0.6777777777777778 0.05677083333333333 0.10925925925925926
18 0.653125 0.7462962962962963 0.059895833333333336 0.1037037037037037
2 0.8411458333333334 0.35185185185185186 0.18072916666666666 0.5657407407407408
3 0.8515625 0.5657407407407408 0.042708333333333334 0.09351851851851851
0 0.35989583333333336 0.08888888888888889 0.0640625 0.175
2 0.5348958333333333 0.42407407407407405 0.16302083333333334 0.5814814814814815
5 0.6515625 0.5851851851851851 0.08802083333333334 0.19444444444444445
19 0.7421875 0.06759259259259259 0.07604166666666666 0.11481481481481481
16 0.6770833333333334 0.5055555555555555 0.1125 0.125
