11 0.7916666666666666 0.5787037037037037 0.15052083333333333 0.5305555555555556
13 0.1953125 0.7398148148148148 0.06927083333333334 0.10555555555555556
12 0.40729166666666666 0.6768518518518518 0.0890625 0.14537037037037037
1 0.6145833333333334 0.09814814814814815 0.07291666666666667 0.1962962962962963
11 0.31927083333333334 0.5740740740740741 0.12447916666666667 0.5370370370370371
0 0.9036458333333334 0.95 0.103125 0.09999999999999998
13 0.5036458333333333 0.4861111111111111 0.052083333333333336 0.0787037037037037
11 0.40989583333333335 0.3888888888888889 0.2046875 0.4861111111111111
16 0.2520833333333333 0.44351851851851853 0.05677083333333333 0.0787037037037037
18 0.35104166666666664 0.5185185185185185 0.07864583333333333 0.1388888888888889
