11 0.3984375 0.13078703703703703 0.21875 0.26157407407407407
2 0.7901041666666667 0.13819444444444445 0.178125 0.2763888888888889
7 0.22604166666666667 0.7555555555555555 0.1296875 0.1824074074074074
0 0.9109375 0.11203703703703703 0.0703125 0.18981481481481483
15 0.05677083333333333 0.8138888888888889 0.0640625 0.14074074074074075
7 0.3609375 0.2564814814814815 0.0640625 0.12129629629629629
1 0.20833333333333334 0.38981481481481484 0.09479166666666666 0.22037037037037038
19 0.5421875 0.7175925925925926 0.11458333333333333 0.17314814814814813
15 0.04140625 0.5185185185185185 0.0828125 0.25555555555555554
0 0.7854166666666667 0.575925925925926 0.0859375 0.20277777777777778
11 0.5963541666666666 0.525 0.15052083333333333 0.5962962962962963
