19 0.940625 0.42314814814814816 0.10729166666666666 0.20462962962962963
0 0.3140625 0.3907407407407407 0.05677083333333333 0.14351851851851852
3 0.5927083333333333 0.48333333333333334 0.096875 0.13425925925925927
7 0.6578125 0.45 0.07083333333333333 0.09722222222222222
7 0.7645833333333333 0.6537037037037037 0.03177083333333333 0.14166666666666666
11 0.5395833333333333 0.39351851851851855 0.17395833333333333 0.45
9 0.7859375 0.7175925925925926 0.06510416666666667 0.0962962962962963
0 0.6708333333333333 0.549074074074074 0.0578125 0.20833333333333334
8 0.8911458333333333 0.42407407407407405 0.07291666666666667 0.12407407407407407
1 0.16197916666666667 0.05324074074074074 0.11510416666666666 0.10648148148148148
