14 0.8229166666666666 0.4722222222222222 0.0859375 0.12962962962962962
6 0.5739583333333333 0.5574074074074075 0.14375 0.2722222222222222
9 0.89375 0.4583333333333333 0.0703125 0.12037037037037036
0 0.5052083333333334 0.2601851851851852 0.09427083333333333 0.1962962962962963
0 0.23854166666666668 0.8361111111111111 0.08020833333333334 0.2777777777777778
1 0.21927083333333333 0.7416666666666667 0.109375 0.22407407407407406
6 0.8489583333333334 0.5694444444444444 0.08333333333333333 0.08611111111111111
7 0.5515625 0.38333333333333336 0.10104166666666667 0.16666666666666666
7 0.7869791666666667 0.7694444444444445 0.05625 0.14074074074074075
15 0.5171875 0.55 0.13072916666666667 0.12962962962962962
11 0.948046875 0.6907407407407408 0.10390624999999998 0.5555555555555556
