1 0.26197916666666665 0.38055555555555554 0.050520833333333334 0.10925925925925926
15 0.7911458333333333 0.8870370370370371 0.084375 0.2101851851851852
17 0.7026041666666667 0.3731481481481482 0.096875 0.18333333333333332
15 0.7302083333333333 0.5574074074074075 0.075 0.125
3 0.7375 0.7685185185185185 0.10729166666666666 0.14444444444444443
2 0.8354166666666667 0.5972222222222222 0.16458333333333333 0.6259259259259259
10 0.7046875 0.48518518518518516 0.1953125 0.30833333333333335
0 0.8645833333333334 0.07476851851851851 0.07291666666666667 0.14953703703703702
2 0.7744791666666667 0.21666666666666667 0.1671875 0.43333333333333335
11 0.2552083333333333 0.6988425925925925 0.171875 0.6023148148148149
