7 0.3234375 0.5694444444444444 0.06927083333333334 0.1111111111111111
6 0.23177083333333334 0.562962962962963 0.17083333333333334 0.30277777777777776
11 0.4666666666666667 0.5842592592592593 0.1578125 0.5027777777777778
0 0.5583333333333333 0.9122685185185185 0.0515625 0.17546296296296293
16 0.41822916666666665 0.674074074074074 0.06822916666666666 0.12314814814814815
13 0.4703125 0.41944444444444445 0.071875 0.09537037037037037
17 0.4114583333333333 0.687037037037037 0.06927083333333334 0.14351851851851852
19 0.4739583333333333 0.5370370370370371 0.08697916666666666 0.13240740740740742
5 0.7010416666666667 0.6342592592592593 0.0734375 0.17407407407407408
0 0.95625 0.9590277777777778 0.08489583333333334 0.08194444444444449
