5 0.28489583333333335 0.3296296296296296 0.07864583333333333 0.19537037037037036
16 0.3958333333333333 0.8740740740740741 0.07291666666666667 0.1537037037037037
17 0.5171875 0.6074074074074074 0.10208333333333333 0.13055555555555556
5 0.35625 0.3685185185185185 0.057291666666666664 0.08703703703703704
0 0.31354166666666666 0.5712962962962963 0.0515625 0.16111111111111112
0 0.6734375 0.39166666666666666 0.05572916666666667 0.19537037037037036
13 0.2875 0.6277777777777778 0.0890625 0.13240740740740742
17 0.2 0.5009259259259259 0.10260416666666666 0.17037037037037037
19 0.33125 0.2898148148148148 0.11197916666666667 0.2537037037037037
11 0.18177083333333333 0.3277777777777778 0.16197916666666667 0.6342592592592593
