13 0.6442708333333333 0.3287037037037037 0.07291666666666667 0.11296296296296296
13 0.6442708333333333 0.7324074074074074 0.0640625 0.1037037037037037
18 0.6567708333333333 0.14166666666666666 0.10625 0.1537037037037037
8 0.5546875 0.6981481481481482 0.09427083333333333 0.175
6 0.5416666666666666 0.6555555555555556 0.09791666666666667 0.16296296296296298
12 0.7604166666666666 0.9268518518518518 0.11510416666666666 0.1388888888888889
2 0.05755208333333334 0.84375 0.11510416666666667 0.3125
1 0.5989583333333334 0.15925925925925927 0.05364583333333333 0.1175925925925926
2 0.9498697916666667 0.7516203703703703 0.10026041666666663 0.49675925925925923
11 0.8854166666666666 0.8111111111111111 0.17708333333333334 0.37777777777777777
16 0.5838541666666667 0.21388888888888888 0.0609375 0.14444444444444443
