0 0.7958333333333333 0.8222222222222222 0.11197916666666667 0.21944444444444444
5 0.02096354166666667 0.31666666666666665 0.04192708333333334 0.18518518518518517
17 0.3854166666666667 0.762962962962963 0.08854166666666667 0.12685185185185185
15 0.38177083333333334 0.34074074074074073 0.0734375 0.11481481481481481
16 0.2869791666666667 0.5287037037037037 0.08020833333333334 0.13703703703703704
11 0.5421875 0.712037037037037 0.17760416666666667 0.5685185185185185
14 0.30052083333333335 0.3175925925925926 0.10729166666666666 0.175
4 0.3338541666666667 0.42314814814814816 0.1171875 0.21296296296296297
0 0.057291666666666664 0.6925925925925925 0.08489583333333334 0.175
5 0.221875 0.30925925925925923 0.0890625 0.17222222222222222
0 0.8666666666666667 0.25462962962962965 0.09427083333333333 0.27870370370370373
11 0.9419270833333333 0.6638888888888889 0.11614583333333328 0.38333333333333336
