11 0.8708333333333333 0.17268518518518516 0.14479166666666668 0.3453703703703703
10 0.36822916666666666 0.6064814814814815 0.11145833333333334 0.19907407407407407
5 0.43072916666666666 0.6638888888888889 0.07552083333333333 0.08148148148148149
11 0.7052083333333333 0.33425925925925926 0.17604166666666668 0.5083333333333333
0 0.9151041666666667 0.9335648148148148 0.103125 0.1328703703703703
9 0.6145833333333334 0.325 0.10572916666666667 0.15925925925925927
3 0.31197916666666664 0.6296296296296297 0.07083333333333333 0.12222222222222222
0 0.6421875 0.6194444444444445 0.052083333333333336 0.1962962962962963
2 0.38958333333333334 0.7965277777777777 0.20625 0.40694444444444455
9 0.4015625 0.8592592592592593 0.05677083333333333 0.12129629629629629
