6 0.328125 0.6194444444444445 0.14583333333333334 0.25555555555555554
17 0.2 0.5175925925925926 0.11822916666666666 0.16018518518518518
14 0.14375 0.8157407407407408 0.08333333333333333 0.1361111111111111
14 0.48333333333333334 0.9293981481481481 0.0984375 0.14120370370370372
0 0.5296875 0.17407407407407408 0.058333333333333334 0.2064814814814815
12 0.34010416666666665 0.6509259259259259 0.065625 0.15555555555555556
2 0.09843750000000001 0.7597222222222222 0.19687500000000002 0.4805555555555555
8 0.23229166666666667 0.9634259259259259 0.09583333333333334 0.07314814814814818
1 0.23802083333333332 0.5981481481481481 0.059375 0.21944444444444444
9 0.375 0.6675925925925926 0.06302083333333333 0.07314814814814814
2 0.18645833333333334 0.31296296296296294 0.14270833333333333 0.5972222222222222
