19 0.38645833333333335 0.5222222222222223 0.06822916666666666 0.12037037037037036
13 0.5682291666666667 0.3638888888888889 0.07135416666666666 0.08796296296296297
11 0.3333333333333333 0.8546296296296296 0.15364583333333334 0.29074074074074074
15 0.42552083333333335 0.600925925925926 0.15625 0.28425925925925927
0 0.09322916666666667 0.1787037037037037 0.115625 0.17314814814814813
10 0.4822916666666667 0.7287037037037037 0.16614583333333333 0.23981481481481481
7 0.3963541666666667 0.3037037037037037 0.1015625 0.18888888888888888
0 0.5552083333333333 0.9210648148148148 0.09375 0.15787037037037033
11 0.20677083333333332 0.18148148148148147 0.1609375 0.36296296296296293
10 0.453125 0.4046296296296296 0.1296875 0.21296296296296297
11 0.4203125 0.39814814814814814 0.21510416666666668 0.5120370370370371
7 0.4166666666666667 0.2361111111111111 0.12395833333333334 0.15092592592592594
