0 0.35052083333333334 0.8861111111111111 0.0625 0.22777777777777775
4 0.48802083333333335 0.7398148148148148 0.06666666666666667 0.12314814814814815
11 0.8625 0.29606481481481484 0.1609375 0.5921296296296297
1 0.634375 0.4648148148148148 0.10885416666666667 0.12314814814814815
2 0.24739583333333334 0.6666666666666666 0.18645833333333334 0.6574074074074074
5 0.446875 0.18703703703703703 0.06979166666666667 0.11666666666666667
11 0.6255208333333333 0.15069444444444444 0.18958333333333333 0.3013888888888889
9 0.609375 0.6 0.0953125 0.13425925925925927
6 0.559375 0.41759259259259257 0.065625 0.19537037037037036
16 0.6151041666666667 0.5509259259259259 0.078125 0.19074074074074074
10 0.6197916666666666 0.6175925925925926 0.11822916666666666 0.19722222222222222
19 0.4640625 0.6944444444444444 0.11145833333333334 0.2740740740740741
