0 0.6880208333333333 0.8532407407407407 0.1421875 0.2935185185185185
17 0.10989583333333333 0.22685185185185186 0.0859375 0.16203703703703703
10 0.04375 0.6194444444444445 0.0875 0.1537037037037037
15 0.041015625 0.3388888888888889 0.08203125 0.10833333333333334
2 0.32760416666666664 0.4777777777777778 0.165625 0.48055555555555557
14 0.12864583333333332 0.44074074074074077 0.0796875 0.09259259259259259
0 0.43645833333333334 0.8546296296296296 0.10208333333333333 0.21481481481481482
7 0.27239583333333334 0.18425925925925926 0.08854166666666667 0.1814814814814815
8 0.24791666666666667 0.5018518518518519 0.1 0.1259259259259259
18 0.225 0.28888888888888886 0.09322916666666667 0.1425925925925926
