12 0.35 0.8814814814814815 0.058333333333333334 0.08888888888888889
0 0.6317708333333333 0.20277777777777778 0.09947916666666666 0.17037037037037037
18 0.20729166666666668 0.8037037037037037 0.07135416666666666 0.13055555555555556
18 0.18177083333333333 0.49444444444444446 0.06302083333333333 0.11388888888888889
11 0.321875 0.2326388888888889 0.16302083333333334 0.4652777777777778
15 0.0515625 0.6 0.08177083333333333 0.18055555555555555
2 0.9190104166666666 0.19999999999999998 0.16197916666666667 0.39999999999999997
0 0.30052083333333335 0.7777777777777778 0.09635416666666667 0.19537037037037036
1 0.8432291666666667 0.5898148148148148 0.13802083333333334 0.21481481481481482
11 0.6833333333333333 0.33263888888888893 0.2140625 0.6652777777777779
