9 0.2994791666666667 0.25277777777777777 0.075 0.14074074074074075
14 0.23072916666666668 0.46111111111111114 0.090625 0.1537037037037037
1 0.27760416666666665 0.3509259259259259 0.1515625 0.14351851851851852
7 0.2869791666666667 0.275 0.059375 0.1537037037037037
2 0.7359375 0.8402777777777778 0.15677083333333333 0.3194444444444444
9 0.33177083333333335 0.27870370370370373 0.0859375 0.125
1 0.68125 0.8777777777777778 0.13177083333333334 0.20555555555555555
18 0.3375 0.5916666666666667 0.0453125 0.08981481481481482
18 0.6739583333333333 0.4287037037037037 0.10625 0.17962962962962964
2 0.15885416666666666 0.20555555555555555 0.12552083333333333 0.3972222222222222
0 0.1078125 0.47685185185185186 0.04635416666666667 0.18425925925925926
10 0.3807291666666667 0.29259259259259257 0.0828125 0.14722222222222223
2 0.5401041666666667 0.26944444444444443 0.18072916666666666 0.4722222222222222
