9 0.2546875 0.7611111111111111 0.096875 0.13148148148148148
8 0.37552083333333336 0.625 0.06041666666666667 0.10277777777777777
19 0.3307291666666667 0.36944444444444446 0.0875 0.17222222222222222
2 0.9388020833333333 0.7962962962962963 0.12239583333333337 0.40740740740740733
0 0.11145833333333334 0.9152777777777779 0.06822916666666666 0.1694444444444444
0 0.9130208333333333 0.537962962962963 0.09427083333333333 0.18611111111111112
3 0.175 0.22870370370370371 0.0671875 0.09166666666666666
18 0.1328125 0.2824074074074074 0.07604166666666666 0.10277777777777777
11 0.6411458333333333 0.1488425925925926 0.13333333333333333 0.2976851851851852
5 0.128125 0.7398148148148148 0.0765625 0.1638888888888889
14 0.3223958333333333 0.7138888888888889 0.06354166666666666 0.13055555555555556
0 0.93125 0.06180555555555555 0.12708333333333333 0.1236111111111111
