8 0.40729166666666666 0.8064814814814815 0.096875 0.17407407407407408
5 0.4552083333333333 0.5305555555555556 0.10729166666666666 0.2
8 0.290625 0.462037037037037 0.1 0.1712962962962963
0 0.07916666666666666 0.5805555555555556 0.08645833333333333 0.14074074074074075
13 0.2140625 0.33055555555555555 0.05572916666666667 0.1175925925925926
1 0.31614583333333335 0.05115740740740741 0.071875 0.10231481481481482
11 0.6140625 0.6055555555555555 0.146875 0.4361111111111111
0 0.22135416666666666 0.40925925925925927 0.0890625 0.17962962962962964
10 0.19895833333333332 0.5731481481481482 0.18177083333333333 0.20462962962962963
11 0.6557291666666667 0.8363425925925926 0.15208333333333332 0.32731481481481484
