2 0.5515625 0.7648148148148148 0.18177083333333333 0.4703703703703703
8 0.59375 0.24722222222222223 0.11770833333333333 0.1638888888888889
11 0.1140625 0.774074074074074 0.1703125 0.4462962962962963
0 0.9072916666666667 0.16203703703703703 0.06302083333333333 0.22314814814814815
11 0.05078125 0.13148148148148148 0.1015625 0.26296296296296295
7 0.6270833333333333 0.6314814814814815 0.06510416666666667 0.11388888888888889
1 0.5807291666666666 0.7185185185185186 0.07135416666666666 0.12037037037037036
16 0.48489583333333336 0.5111111111111111 0.05677083333333333 0.10740740740740741
0 0.2989583333333333 0.17222222222222222 0.06875 0.15185185185185185
16 0.4671875 0.6129629629629629 0.058854166666666666 0.10648148148148148
13 0.4119791666666667 0.5731481481481482 0.0609375 0.09537037037037037
14 0.5072916666666667 0.34814814814814815 0.053125 0.11666666666666667
10 0.3927083333333333 0.27870370370370373 0.12604166666666666 0.2074074074074074
