16 0.2546875 0.4935185185185185 0.0875 0.08888888888888889
15 0.23489583333333333 0.3453703703703704 0.05416666666666667 0.0962962962962963
5 0.28958333333333336 0.7351851851851852 0.096875 0.16666666666666666
10 0.16458333333333333 0.6175925925925926 0.19375 0.3194444444444444
1 0.6140625 0.07361111111111111 0.1796875 0.14722222222222223
2 0.190625 0.5833333333333334 0.1890625 0.475
0 0.0578125 0.8018518518518518 0.115625 0.262037037037037
6 0.290625 0.425 0.09895833333333333 0.18055555555555555
3 0.26145833333333335 0.29259259259259257 0.06458333333333334 0.15833333333333333
11 0.08893229166666666 0.17291666666666666 0.17786458333333333 0.3458333333333333
15 0.2833333333333333 0.30185185185185187 0.1 0.14074074074074075
