0 0.9541666666666667 0.4842592592592593 0.052083333333333336 0.21574074074074073
14 0.9338541666666667 0.6583333333333333 0.04479166666666667 0.1111111111111111
17 0.7380208333333333 0.9599537037037037 0.103125 0.0800925925925926
5 0.8567708333333334 0.1361111111111111 0.07135416666666666 0.15
15 0.7838541666666666 0.36574074074074076 0.075 0.11944444444444445
11 0.5234375 0.2178240740740741 0.18385416666666668 0.4356481481481482
18 0.7697916666666667 0.49907407407407406 0.0796875 0.1824074074074074
11 0.05846354166666666 0.6953703703703704 0.11692708333333332 0.5611111111111111
0 0.5260416666666666 0.5694444444444444 0.06510416666666667 0.16203703703703703
15 0.6072916666666667 0.4703703703703704 0.071875 0.19537037037037036
2 0.6984375 0.47962962962962963 0.1375 0.42777777777777776
4 0.7604166666666666 0.8944444444444445 0.07552083333333333 0.11944444444444445
