0 0.8083333333333333 0.34074074074074073 0.090625 0.22407407407407406
19 0.45989583333333334 0.4462962962962963 0.0703125 0.14814814814814814
2 0.7130208333333333 0.8127314814814814 0.265625 0.3745370370370371
17 0.44114583333333335 0.537962962962963 0.13125 0.15925925925925927
8 0.5270833333333333 0.3611111111111111 0.12083333333333333 0.17685185185185184
16 0.4125 0.7240740740740741 0.0421875 0.11944444444444445
15 0.40260416666666665 0.075 0.0609375 0.1259259259259259
2 0.36354166666666665 0.27685185185185185 0.14114583333333333 0.4064814814814815
16 0.4822916666666667 0.7342592592592593 0.07604166666666666 0.12962962962962962
11 0.35885416666666664 0.8131944444444444 0.23802083333333332 0.3736111111111111
15 0.5442708333333334 0.6203703703703703 0.1234375 0.2101851851851852
