7 0.7151041666666667 0.8629629629629629 0.07708333333333334 0.19722222222222222
1 0.5088541666666667 0.3824074074074074 0.11614583333333334 0.13148148148148148
5 0.659375 0.6518518518518519 0.0859375 0.13518518518518519
8 0.6489583333333333 0.5009259259259259 0.09166666666666666 0.1787037037037037
6 0.9434895833333333 0.32314814814814813 0.11302083333333335 0.1527777777777778
10 0.5890625 0.8444444444444444 0.09010416666666667 0.17592592592592593
19 0.9114583333333334 0.5953703703703703 0.14479166666666668 0.17685185185185184
0 0.19166666666666668 0.05810185185185185 0.071875 0.1162037037037037
0 0.14739583333333334 0.6796296296296296 0.071875 0.21851851851851853
11 0.846875 0.7868055555555555 0.17916666666666667 0.42638888888888893
18 0.803125 0.6675925925925926 0.057291666666666664 0.09722222222222222
