10 0.7729166666666667 0.5879629629629629 0.1046875 0.2074074074074074
3 0.7286458333333333 0.26481481481481484 0.06927083333333334 0.11296296296296296
19 0.671875 0.3416666666666667 0.0921875 0.15925925925925927
0 0.521875 0.7805555555555556 0.09947916666666666 0.2388888888888889
0 0.10572916666666667 0.47962962962962963 0.14583333333333334 0.2111111111111111
12 0.6833333333333333 0.3425925925925926 0.058854166666666666 0.14444444444444443
11 0.38177083333333334 0.5074074074074074 0.2125 0.5314814814814814
17 0.746875 0.3925925925925926 0.09375 0.12222222222222222
14 0.7208333333333333 0.9159722222222222 0.08229166666666667 0.1680555555555555
2 0.625 0.3333333333333333 0.1875 0.6314814814814815
2 0.5015625 0.6361111111111111 0.15052083333333333 0.42407407407407405
18 0.7796875 0.17777777777777778 0.0453125 0.08796296296296297
