0 0.359375 0.12152777777777779 0.10729166666666666 0.24305555555555558
17 0.5640625 0.49074074074074076 0.0453125 0.09814814814814815
10 0.5057291666666667 0.5324074074074074 0.09010416666666667 0.08796296296296297
6 0.23489583333333333 0.5092592592592593 0.08541666666666667 0.15092592592592594
16 0.46822916666666664 0.6148148148148148 0.12291666666666666 0.21388888888888888
6 0.415625 0.5583333333333333 0.058854166666666666 0.07685185185185185
12 0.45416666666666666 0.5 0.09635416666666667 0.12777777777777777
13 0.6479166666666667 0.49166666666666664 0.06770833333333333 0.11388888888888889
0 0.2677083333333333 0.7722222222222223 0.08177083333333333 0.2462962962962963
2 0.43125 0.5481481481481482 0.22760416666666666 0.5407407407407407
1 0.85625 0.15833333333333333 0.07864583333333333 0.13796296296296295
