3 0.5411458333333333 0.26296296296296295 0.07447916666666667 0.09444444444444444
18 0.8046875 0.2361111111111111 0.08333333333333333 0.15833333333333333
0 0.5213541666666667 0.1962962962962963 0.1453125 0.21203703703703702
1 0.07604166666666666 0.8175925925925925 0.1046875 0.13518518518518519
6 0.5411458333333333 0.43333333333333335 0.09895833333333333 0.10555555555555556
13 0.6453125 0.3388888888888889 0.08958333333333333 0.17314814814814813
11 0.46875 0.3435185185185185 0.13802083333333334 0.4
10 0.41875 0.7972222222222223 0.05572916666666667 0.1175925925925926
11 0.13177083333333334 0.6787037037037037 0.16822916666666668 0.5018518518518519
4 0.5307291666666667 0.387037037037037 0.1 0.14907407407407408
5 0.5390625 0.25277777777777777 0.07760416666666667 0.125
