7 0.6666666666666666 0.6148148148148148 0.09375 0.23333333333333334
13 0.5234375 0.3296296296296296 0.1015625 0.1537037037037037
6 0.2671875 0.04861111111111111 0.11041666666666666 0.09722222222222222
9 0.3302083333333333 0.7574074074074074 0.06458333333333334 0.09907407407407408
2 0.18072916666666666 0.8291666666666666 0.2078125 0.3416666666666667
0 0.58125 0.8287037037037037 0.1171875 0.19444444444444445
7 0.6119791666666666 0.4981481481481482 0.07239583333333334 0.17685185185185184
0 0.022786458333333332 0.8842592592592593 0.045572916666666664 0.19166666666666668
2 0.6072916666666667 0.1673611111111111 0.15052083333333333 0.3347222222222222
0 0.7260416666666667 0.9280092592592593 0.11197916666666667 0.1439814814814815
11 0.33958333333333335 0.3962962962962963 0.1625 0.5731481481481482
