9 0.6854166666666667 0.7185185185185186 0.10104166666666667 0.17222222222222222
1 0.28541666666666665 0.8046296296296296 0.10364583333333334 0.18333333333333332
10 0.65625 0.7462962962962963 0.09427083333333333 0.16203703703703703
19 0.8317708333333333 0.17777777777777778 0.1203125 0.24814814814814815
2 0.5557291666666667 0.8597222222222223 0.18541666666666667 0.28055555555555556
11 0.8390625 0.32407407407407407 0.19791666666666666 0.5268518518518519
8 0.8614583333333333 0.7685185185185185 0.06979166666666667 0.09259259259259259
19 0.7776041666666667 0.5546296296296296 0.06197916666666667 0.11666666666666667
18 0.75 0.6370370370370371 0.06770833333333333 0.0824074074074074
11 0.04296875 0.2039351851851852 0.0859375 0.4078703703703704
