11 0.7166666666666667 0.3611111111111111 0.20885416666666667 0.6842592592592592
0 0.7015625 0.3296296296296296 0.12083333333333333 0.17407407407407408
19 0.4942708333333333 0.6537037037037037 0.10989583333333333 0.20555555555555555
19 0.37552083333333336 0.6759259259259259 0.11354166666666667 0.1935185185185185
10 0.3145833333333333 0.7166666666666667 0.1 0.16574074074074074
1 0.8078125 0.1037037037037037 0.06614583333333333 0.14629629629629629
0 0.2953125 0.8324074074074074 0.071875 0.2222222222222222
19 0.26927083333333335 0.4009259259259259 0.08697916666666666 0.14166666666666666
11 0.3651041666666667 0.2511574074074074 0.1609375 0.5023148148148148
3 0.19166666666666668 0.35555555555555557 0.06979166666666667 0.14074074074074075
5 0.41041666666666665 0.5638888888888889 0.06875 0.17685185185185184
11 0.6197916666666666 0.762962962962963 0.14375 0.44074074074074077
