10 0.030729166666666665 0.34629629629629627 0.06145833333333333 0.18611111111111112
17 0.11145833333333334 0.9166666666666666 0.10260416666666666 0.14629629629629629
11 0.309375 0.8472222222222223 0.16145833333333334 0.30555555555555547
2 0.6322916666666667 0.5018518518518519 0.17864583333333334 0.4583333333333333
0 0.184375 0.8185185185185185 0.08229166666666667 0.23703703703703705
11 0.3515625 0.5712962962962963 0.1375 0.5935185185185186
14 0.2755208333333333 0.687037037037037 0.06979166666666667 0.0787037037037037
1 0.121875 0.3861111111111111 0.05572916666666667 0.11574074074074074
0 0.10677083333333333 0.2796296296296296 0.0828125 0.23796296296296296
4 0.1625 0.5 0.08125 0.14814814814814814
16 0.24583333333333332 0.20925925925925926 0.07604166666666666 0.13703703703703704
15 0.29635416666666664 0.26481481481481484 0.11666666666666667 0.26944444444444443
