8 0.20364583333333333 0.5472222222222223 0.11041666666666666 0.15462962962962962
13 0.4328125 0.07592592592592592 0.09895833333333333 0.15185185185185185
0 0.6895833333333333 0.31574074074074077 0.06927083333333334 0.2564814814814815
17 0.278125 0.512962962962963 0.071875 0.12685185185185185
16 0.42916666666666664 0.34629629629629627 0.06510416666666667 0.11666666666666667
0 0.11979166666666667 0.45 0.08072916666666667 0.175
2 0.8177083333333334 0.7729166666666667 0.22135416666666666 0.4541666666666667
13 0.3692708333333333 0.7759259259259259 0.11979166666666667 0.19166666666666668
2 0.4401041666666667 0.6731481481481482 0.13333333333333333 0.41759259259259257
2 0.3671875 0.3296296296296296 0.14270833333333333 0.4287037037037037
