3 0.18020833333333333 0.5962962962962963 0.06614583333333333 0.09537037037037037
2 0.478125 0.15393518518518517 0.15 0.30787037037037035
0 0.34270833333333334 0.19074074074074074 0.08072916666666667 0.1824074074074074
0 0.2875 0.9381944444444444 0.11770833333333333 0.12361111111111112
15 0.23385416666666667 0.3212962962962963 0.096875 0.1935185185185185
1 0.7604166666666666 0.8490740740740741 0.190625 0.23796296296296296
11 0.5854166666666667 0.2537037037037037 0.20208333333333334 0.4888888888888889
19 0.27447916666666666 0.49907407407407406 0.06927083333333334 0.14351851851851852
17 0.37083333333333335 0.7722222222222223 0.10572916666666667 0.16018518518518518
10 0.18229166666666666 0.5175925925925926 0.1 0.2175925925925926
