11 0.06705729166666667 0.7805555555555556 0.13411458333333334 0.4388888888888889
9 0.21770833333333334 0.5916666666666667 0.04479166666666667 0.08425925925925926
0 0.3265625 0.9185185185185185 0.04739583333333333 0.16296296296296298
19 0.3640625 0.6092592592592593 0.11197916666666667 0.14722222222222223
17 0.42239583333333336 0.6481481481481481 0.11354166666666667 0.21944444444444444
8 0.5489583333333333 0.5722222222222222 0.06302083333333333 0.0962962962962963
14 0.4203125 0.6240740740740741 0.07291666666666667 0.19166666666666668
2 0.8911458333333333 0.2796296296296296 0.18489583333333334 0.5592592592592592
0 0.8880208333333334 0.8842592592592593 0.11041666666666666 0.16203703703703703
2 0.5203125 0.38055555555555554 0.18333333333333332 0.4787037037037037
0 0.09739583333333333 0.7138888888888889 0.08854166666666667 0.20185185185185187
12 0.44427083333333334 0.65 0.0765625 0.10740740740740741
