0 0.20364583333333333 0.1300925925925926 0.10833333333333334 0.2601851851851852
2 0.3625 0.6018518518518519 0.18333333333333332 0.4583333333333333
10 0.6510416666666666 0.3888888888888889 0.09791666666666667 0.21944444444444444
2 0.21510416666666668 0.4601851851851852 0.1984375 0.49722222222222223
0 0.6046875 0.15185185185185185 0.07395833333333333 0.1962962962962963
13 0.7140625 0.612037037037037 0.084375 0.10740740740740741
0 0.7234375 0.5351851851851852 0.06145833333333333 0.17222222222222222
10 0.6213541666666667 0.4 0.07083333333333333 0.15185185185185185
2 0.5947916666666667 0.48148148148148145 0.20260416666666667 0.48703703703703705
3 0.6682291666666667 0.49074074074074076 0.06822916666666666 0.18333333333333332
