16 0.5098958333333333 0.39166666666666666 0.09322916666666667 0.16574074074074074
0 0.8364583333333333 0.9361111111111111 0.0921875 0.12777777777777777
15 0.4666666666666667 0.7305555555555555 0.128125 0.13703703703703704
2 0.15208333333333332 0.7534722222222222 0.17135416666666667 0.4930555555555556
0 0.609375 0.05208333333333333 0.09427083333333333 0.10416666666666666
5 0.4005208333333333 0.3574074074074074 0.053125 0.07592592592592592
11 0.22239583333333332 0.3194444444444444 0.18541666666666667 0.562962962962963
9 0.28854166666666664 0.6185185185185185 0.08333333333333333 0.12407407407407407
1 0.7 0.3814814814814815 0.125 0.16574074074074074
13 0.5130208333333334 0.6111111111111112 0.06458333333333334 0.13425925925925927
15 0.5677083333333334 0.46944444444444444 0.065625 0.17037037037037037
10 0.35572916666666665 0.5342592592592592 0.146875 0.175
