3 0.23072916666666668 0.29907407407407405 0.0796875 0.11481481481481481
0 0.7682291666666666 0.44722222222222224 0.14791666666666667 0.20555555555555555
2 0.058333333333333334 0.7835648148148149 0.11666666666666667 0.43287037037037035
0 0.28125 0.14814814814814814 0.11510416666666666 0.1638888888888889
11 0.7260416666666667 0.7092592592592593 0.20104166666666667 0.5509259259259259
8 0.171875 0.887962962962963 0.059895833333333336 0.12037037037037036
15 0.22604166666666667 0.4601851851851852 0.10260416666666666 0.14074074074074075
17 0.15989583333333332 0.11018518518518519 0.07135416666666666 0.1259259259259259
11 0.95234375 0.38055555555555554 0.09531249999999991 0.5370370370370371
0 0.32135416666666666 0.3111111111111111 0.15 0.27037037037037037
