18 0.37395833333333334 0.44351851851851853 0.08958333333333333 0.175
17 0.49322916666666666 0.7703703703703704 0.051041666666666666 0.11203703703703703
0 0.5791666666666667 0.337037037037037 0.07291666666666667 0.12222222222222222
12 0.596875 0.6675925925925926 0.065625 0.12037037037037036
0 0.7338541666666667 0.6759259259259259 0.08489583333333334 0.26481481481481484
2 0.15052083333333333 0.7907407407407407 0.15416666666666667 0.4185185185185185
3 0.40208333333333335 0.5231481481481481 0.08645833333333333 0.17407407407407408
0 0.4817708333333333 0.34074074074074073 0.10520833333333333 0.20185185185185187
4 0.5916666666666667 0.07592592592592592 0.096875 0.1259259259259259
18 0.6354166666666666 0.21851851851851853 0.09114583333333333 0.14814814814814814
16 0.4625 0.3296296296296296 0.09322916666666667 0.22962962962962963
2 0.8625 0.44074074074074077 0.134375 0.39444444444444443
