14 0.24114583333333334 0.5166666666666667 0.04895833333333333 0.08333333333333333
8 0.3302083333333333 0.3592592592592593 0.0671875 0.13425925925925927
15 0.515625 0.22592592592592592 0.16145833333333334 0.18796296296296297
14 0.5057291666666667 0.09907407407407408 0.0625 0.09351851851851851
1 0.5973958333333333 0.9479166666666666 0.06458333333333334 0.10416666666666674
16 0.35989583333333336 0.18055555555555555 0.0875 0.10092592592592593
6 0.159375 0.3675925925925926 0.08020833333333334 0.1037037037037037
2 0.634375 0.44074074074074077 0.14375 0.4388888888888889
8 0.35989583333333336 0.4444444444444444 0.10625 0.125
0 0.35989583333333336 0.2601851851851852 0.10104166666666667 0.15925925925925927
0 0.8557291666666667 0.8648148148148148 0.090625 0.25555555555555554
