13 0.7567708333333333 0.7222222222222222 0.12447916666666667 0.17592592592592593
2 0.31927083333333334 0.16944444444444445 0.13541666666666666 0.3388888888888889
0 0.018229166666666664 0.2861111111111111 0.03645833333333333 0.22037037037037038
17 0.9520833333333333 0.5888888888888889 0.08854166666666667 0.2064814814814815
0 0.35833333333333334 0.12037037037037036 0.12135416666666667 0.225
12 0.7973958333333333 0.31296296296296294 0.0921875 0.15833333333333333
6 0.7916666666666666 0.42962962962962964 0.13229166666666667 0.24537037037037038
2 0.16041666666666668 0.6993055555555555 0.16875 0.601388888888889
0 0.10520833333333333 0.3611111111111111 0.08854166666666667 0.23055555555555557
3 0.8359375 0.35185185185185186 0.09427083333333333 0.14537037037037037
