8 0.465625 0.06689814814814815 0.08229166666666667 0.1337962962962963
10 0.5286458333333334 0.4388888888888889 0.11822916666666666 0.22037037037037038
14 0.43125 0.3972222222222222 0.09947916666666666 0.18703703703703703
5 0.45729166666666665 0.12129629629629629 0.04479166666666667 0.06759259259259259
11 0.6682291666666667 0.2724537037037037 0.1671875 0.5449074074074074
0 0.7453125 0.3111111111111111 0.053125 0.25833333333333336
1 0.8151041666666666 0.05787037037037037 0.12864583333333332 0.11574074074074074
0 0.6125 0.4 0.11822916666666666 0.16111111111111112
17 0.5067708333333333 0.3861111111111111 0.0671875 0.08796296296296297
11 0.7901041666666667 0.21203703703703702 0.15416666666666667 0.42407407407407405
5 0.48541666666666666 0.3675925925925926 0.0890625 0.2111111111111111
