2 0.14427083333333332 0.14467592592592593 0.14427083333333332 0.28935185185185186
0 0.3880208333333333 0.8611111111111112 0.075 0.13518518518518519
10 0.6078125 0.6935185185185185 0.1265625 0.20833333333333334
8 0.65 0.5027777777777778 0.06822916666666666 0.12129629629629629
2 0.5192708333333333 0.8351851851851851 0.14427083333333332 0.3296296296296297
17 0.7390625 0.5675925925925925 0.13020833333333334 0.225
18 0.6682291666666667 0.5990740740740741 0.050520833333333334 0.08518518518518518
15 0.790625 0.25277777777777777 0.084375 0.1962962962962963
2 0.13385416666666666 0.6861111111111111 0.14322916666666666 0.5833333333333334
9 0.684375 0.33055555555555555 0.09635416666666667 0.20555555555555555
