8 0.5723958333333333 0.7509259259259259 0.0734375 0.14166666666666666
14 0.38177083333333334 0.6138888888888889 0.0984375 0.14907407407407408
12 0.4713541666666667 0.46111111111111114 0.08020833333333334 0.1111111111111111
16 0.28489583333333335 0.6129629629629629 0.12291666666666666 0.23796296296296296
1 0.3671875 0.1 0.17604166666666668 0.2
11 0.44114583333333335 0.16273148148148148 0.15677083333333333 0.32546296296296295
3 0.5604166666666667 0.6064814814814815 0.05625 0.0824074074074074
0 0.8661458333333333 0.25 0.15729166666666666 0.2611111111111111
14 0.4864583333333333 0.38333333333333336 0.06145833333333333 0.09259259259259259
11 0.07356770833333334 0.7972222222222223 0.14713541666666669 0.40555555555555545
7 0.2515625 0.41203703703703703 0.09010416666666667 0.18611111111111112
