8 0.5239583333333333 0.4166666666666667 0.1 0.21851851851851853
9 0.6677083333333333 0.6648148148148149 0.05520833333333333 0.08981481481481482
18 0.55625 0.40555555555555556 0.09739583333333333 0.13796296296296295
2 0.10729166666666666 0.8050925925925926 0.16458333333333333 0.38981481481481484
3 0.603125 0.4361111111111111 0.06197916666666667 0.10277777777777777
0 0.18333333333333332 0.9252314814814815 0.10364583333333334 0.14953703703703702
16 0.2791666666666667 0.1935185185185185 0.10885416666666667 0.18981481481481483
10 0.5619791666666667 0.19722222222222222 0.1171875 0.3111111111111111
16 0.4791666666666667 0.26666666666666666 0.06770833333333333 0.11666666666666667
0 0.0515625 0.07523148148148148 0.057291666666666664 0.15046296296296297
2 0.6822916666666666 0.15208333333333335 0.1875 0.3041666666666667
