11 0.228125 0.262037037037037 0.20208333333333334 0.5185185185185185
15 0.39479166666666665 0.9226851851851852 0.16875 0.15462962962962956
15 0.3765625 0.7777777777777778 0.0859375 0.12407407407407407
2 0.5994791666666667 0.11550925925925926 0.13177083333333334 0.2310185185185185
8 0.26875 0.5833333333333334 0.1078125 0.12129629629629629
14 0.4484375 0.7685185185185185 0.0734375 0.13518518518518519
10 0.521875 0.5787037037037037 0.12552083333333333 0.14166666666666666
0 0.271875 0.10833333333333334 0.07447916666666667 0.21666666666666667
18 0.4578125 0.4546296296296296 0.0765625 0.12685185185185185
5 0.22291666666666668 0.6814814814814815 0.07135416666666666 0.1287037037037037
