10 0.2630208333333333 0.38055555555555554 0.09166666666666666 0.1388888888888889
0 0.9203125 0.2518518518518518 0.06510416666666667 0.22407407407407406
15 0.39791666666666664 0.3111111111111111 0.12864583333333332 0.14722222222222223
16 0.44479166666666664 0.4111111111111111 0.0671875 0.1648148148148148
2 0.31979166666666664 0.14282407407407408 0.14479166666666668 0.28564814814814815
0 0.4114583333333333 0.8546296296296296 0.1125 0.1925925925925926
6 0.40572916666666664 0.6287037037037037 0.09114583333333333 0.11203703703703703
13 0.3953125 0.48148148148148145 0.0578125 0.08611111111111111
0 0.29583333333333334 0.4638888888888889 0.11458333333333333 0.12407407407407407
6 0.22291666666666668 0.8268518518518518 0.06979166666666667 0.17777777777777778
