2 0.7520833333333333 0.8113425925925926 0.15729166666666666 0.3773148148148149
10 0.5640625 0.3611111111111111 0.20833333333333334 0.25833333333333336
0 0.5760416666666667 0.08055555555555556 0.17083333333333334 0.16111111111111112
17 0.6994791666666667 0.40370370370370373 0.0671875 0.17222222222222222
9 0.5369791666666667 0.5611111111111111 0.04739583333333333 0.09074074074074075
1 0.809375 0.6888888888888889 0.13072916666666667 0.12129629629629629
1 0.21614583333333334 0.8416666666666667 0.06354166666666666 0.13796296296296295
9 0.7140625 0.4 0.09947916666666666 0.1675925925925926
14 0.5369791666666667 0.4064814814814815 0.078125 0.21388888888888888
2 0.3015625 0.47685185185185186 0.17708333333333334 0.6259259259259259
13 0.6765625 0.44074074074074077 0.08125 0.12407407407407407
