3 0.48333333333333334 0.37777777777777777 0.06770833333333333 0.16111111111111112
0 0.2203125 0.7129629629629629 0.11666666666666667 0.23055555555555557
0 0.8614583333333333 0.6148148148148148 0.06979166666666667 0.1824074074074074
11 0.9434895833333333 0.49444444444444446 0.11302083333333335 0.4722222222222222
3 0.49322916666666666 0.475 0.0734375 0.10092592592592593
17 0.45208333333333334 0.29907407407407405 0.0953125 0.15
16 0.4197916666666667 0.4027777777777778 0.08645833333333333 0.1398148148148148
13 0.5104166666666666 0.3212962962962963 0.09322916666666667 0.1537037037037037
6 0.48333333333333334 0.8046296296296296 0.1140625 0.14074074074074075
11 0.5916666666666667 0.8631944444444444 0.15520833333333334 0.27361111111111114
