1 0.9286458333333333 0.47962962962962963 0.1171875 0.1527777777777778
15 0.8098958333333334 0.5037037037037037 0.08489583333333334 0.17314814814814813
9 0.9140625 0.2777777777777778 0.08541666666666667 0.16203703703703703
11 0.6557291666666667 0.17592592592592593 0.134375 0.35185185185185186
9 0.7671875 0.5287037037037037 0.08229166666666667 0.14537037037037037
11 0.7244791666666667 0.6685185185185185 0.15520833333333334 0.6101851851851852
2 0.94140625 0.17916666666666667 0.1171875 0.35833333333333334
0 0.7380208333333333 0.38425925925925924 0.0546875 0.1814814814814815
15 0.8442708333333333 0.4324074074074074 0.08645833333333333 0.15
17 0.8130208333333333 0.7935185185185185 0.07604166666666666 0.13518518518518519
0 0.584375 0.10300925925925927 0.05677083333333333 0.20601851851851855
