2 0.08697916666666666 0.7613425925925926 0.17395833333333333 0.47731481481481475
2 0.13229166666666667 0.37962962962962965 0.2140625 0.4824074074074074
12 0.6661458333333333 0.38055555555555554 0.0890625 0.12037037037037036
7 0.8109375 0.7416666666666667 0.06510416666666667 0.12962962962962962
16 0.6161458333333333 0.48055555555555557 0.06510416666666667 0.1111111111111111
4 0.7604166666666666 0.5231481481481481 0.078125 0.1648148148148148
0 0.7036458333333333 0.08657407407407408 0.10052083333333334 0.17314814814814816
0 0.6755208333333333 0.14907407407407408 0.09322916666666667 0.22314814814814815
0 0.14375 0.9175925925925926 0.09739583333333333 0.16481481481481475
4 0.6114583333333333 0.7814814814814814 0.103125 0.17777777777777778
