3 0.47708333333333336 0.5740740740740741 0.07083333333333333 0.09907407407407408
0 0.9787760416666667 0.7555555555555555 0.042447916666666585 0.17407407407407408
11 0.6328125 0.3277777777777778 0.1625 0.4287037037037037
9 0.4552083333333333 0.42592592592592593 0.08333333333333333 0.15648148148148147
11 0.048046875 0.2175925925925926 0.09609375 0.4148148148148148
0 0.6359375 0.7101851851851851 0.06458333333333334 0.19907407407407407
13 0.3333333333333333 0.6898148148148148 0.08385416666666666 0.18981481481481483
6 0.2984375 0.8425925925925926 0.06354166666666666 0.1361111111111111
1 0.46979166666666666 0.9381944444444444 0.1171875 0.12361111111111112
10 0.37395833333333334 0.6 0.09947916666666666 0.18703703703703703
10 0.3671875 0.3425925925925926 0.15260416666666668 0.21944444444444444
3 0.278125 0.4759259259259259 0.08541666666666667 0.20092592592592592
