16 0.26927083333333335 0.4111111111111111 0.07760416666666667 0.1425925925925926
0 0.6364583333333333 0.23981481481481481 0.06822916666666666 0.15092592592592594
2 0.9471354166666667 0.1909722222222222 0.10572916666666665 0.3819444444444444
17 0.45416666666666666 0.549074074074074 0.11145833333333334 0.1962962962962963
10 0.44895833333333335 0.29074074074074074 0.06145833333333333 0.11851851851851852
9 0.5182291666666666 0.24444444444444444 0.059375 0.11203703703703703
13 0.3453125 0.36944444444444446 0.10208333333333333 0.1361111111111111
1 0.7973958333333333 0.625 0.12135416666666667 0.12962962962962962
13 0.5276041666666667 0.2824074074074074 0.06979166666666667 0.14629629629629629
18 0.3385416666666667 0.07777777777777778 0.07864583333333333 0.14444444444444443
