0 0.031119791666666667 0.21296296296296297 0.062239583333333334 0.18425925925925926
1 0.228125 0.6898148148148148 0.07291666666666667 0.2518518518518518
10 0.39427083333333335 0.5 0.1359375 0.2101851851851852
13 0.5020833333333333 0.5009259259259259 0.11875 0.175
11 0.7140625 0.6259259259259259 0.11979166666666667 0.5305555555555556
19 0.271875 0.46944444444444444 0.12135416666666667 0.21851851851851853
7 0.35572916666666665 0.5148148148148148 0.08645833333333333 0.12685185185185185
9 0.5104166666666666 0.6546296296296297 0.06510416666666667 0.1259259259259259
16 0.7088541666666667 0.8 0.058854166666666666 0.0787037037037037
4 0.6130208333333333 0.9398148148148148 0.09947916666666666 0.11944444444444445
