7 0.32395833333333335 0.22962962962962963 0.07864583333333333 0.13148148148148148
11 0.9223958333333333 0.8011574074074074 0.1552083333333334 0.39768518518518525
2 0.03919270833333333 0.41944444444444445 0.07838541666666667 0.44351851851851853
9 0.26614583333333336 0.5435185185185185 0.109375 0.15092592592592594
5 0.25052083333333336 0.13055555555555556 0.06614583333333333 0.11296296296296296
0 0.7598958333333333 0.5648148148148148 0.0609375 0.2175925925925926
0 0.48541666666666666 0.5092592592592593 0.08854166666666667 0.19166666666666668
8 0.40625 0.7351851851851852 0.08229166666666667 0.1638888888888889
3 0.3645833333333333 0.28425925925925927 0.0703125 0.09351851851851851
7 0.27239583333333334 0.6166666666666667 0.11041666666666666 0.21666666666666667
18 0.34010416666666665 0.46574074074074073 0.10625 0.1259259259259259
