10 0.4244791666666667 0.8092592592592592 0.10677083333333333 0.2111111111111111
11 0.5317708333333333 0.32407407407407407 0.1609375 0.4398148148148148
11 0.5260416666666666 0.7 0.19947916666666668 0.5074074074074074
0 0.7171875 0.5268518518518519 0.11354166666666667 0.18055555555555555
18 0.6369791666666667 0.6064814814814815 0.0625 0.08055555555555556
10 0.5671875 0.046064814814814815 0.125 0.09212962962962963
2 0.6015625 0.3638888888888889 0.18177083333333333 0.46111111111111114
4 0.6588541666666666 0.40185185185185185 0.10416666666666667 0.13703703703703704
0 0.584375 0.8444444444444444 0.06927083333333334 0.23055555555555557
1 0.16458333333333333 0.31296296296296294 0.15885416666666666 0.16111111111111112
8 0.5229166666666667 0.5296296296296297 0.0609375 0.08888888888888889
