13 0.46979166666666666 0.32314814814814813 0.05416666666666667 0.10648148148148148
1 0.6020833333333333 0.2037037037037037 0.0984375 0.13703703703703704
10 0.43697916666666664 0.5962962962962963 0.11510416666666666 0.17962962962962964
9 0.36041666666666666 0.44907407407407407 0.06354166666666666 0.08611111111111111
11 0.7354166666666667 0.37407407407407406 0.14739583333333334 0.6370370370370371
12 0.49166666666666664 0.14074074074074075 0.0421875 0.09444444444444444
9 0.290625 0.21666666666666667 0.07552083333333333 0.15925925925925927
12 0.5005208333333333 0.037037037037037035 0.08697916666666666 0.07407407407407407
0 0.30625 0.7555555555555555 0.06770833333333333 0.14537037037037037
13 0.3223958333333333 0.4046296296296296 0.09114583333333333 0.1527777777777778
0 0.7921875 0.058333333333333334 0.07864583333333333 0.11666666666666667
