10 0.6578125 0.8861111111111111 0.17916666666666667 0.22777777777777775
11 0.5197916666666667 0.7101851851851851 0.16875 0.4935185185185185
15 0.5635416666666667 0.5768518518518518 0.059895833333333336 0.14351851851851852
18 0.5078125 0.4444444444444444 0.0609375 0.125
7 0.4046875 0.6111111111111112 0.07447916666666667 0.1175925925925926
1 0.7432291666666667 0.5981481481481481 0.07864583333333333 0.13055555555555556
18 0.459375 0.262037037037037 0.10208333333333333 0.125
1 0.032942708333333334 0.2935185185185185 0.06588541666666667 0.1398148148148148
1 0.6552083333333333 0.37777777777777777 0.04479166666666667 0.12037037037037036
11 0.3072916666666667 0.7388888888888889 0.18802083333333333 0.5064814814814815
