4 0.5192708333333333 0.5212962962962963 0.1125 0.15555555555555556
16 0.9537760416666667 0.17962962962962964 0.09244791666666663 0.22685185185185186
16 0.7171875 0.2324074074074074 0.057291666666666664 0.07962962962962963
10 0.7651041666666667 0.4324074074074074 0.09739583333333333 0.15555555555555556
3 0.88125 0.47129629629629627 0.058333333333333334 0.15555555555555556
11 0.06419270833333333 0.20949074074074076 0.12838541666666667 0.4189814814814815
14 0.5671875 0.7537037037037037 0.059375 0.09166666666666666
0 0.8078125 0.10208333333333333 0.10885416666666667 0.20416666666666666
11 0.5328125 0.45555555555555555 0.1515625 0.4685185185185185
16 0.7901041666666667 0.45 0.053125 0.09907407407407408
0 0.9359375 0.04976851851851852 0.07552083333333333 0.09953703703703703
