0 0.8609375 0.5425925925925926 0.08125 0.1787037037037037
7 0.4578125 0.7675925925925926 0.05 0.1398148148148148
17 0.4635416666666667 0.35185185185185186 0.1125 0.18981481481481483
6 0.5322916666666667 0.7574074074074074 0.06770833333333333 0.10648148148148148
2 0.40625 0.7166666666666667 0.17395833333333333 0.5666666666666667
5 0.5171875 0.6398148148148148 0.09010416666666667 0.2175925925925926
6 0.6296875 0.39444444444444443 0.08541666666666667 0.19722222222222222
0 0.6270833333333333 0.6472222222222223 0.096875 0.13055555555555556
0 0.9484375 0.7222222222222222 0.0859375 0.23796296296296296
6 0.5942708333333333 0.39351851851851855 0.14010416666666667 0.2574074074074074
8 0.49166666666666664 0.5398148148148149 0.07447916666666667 0.13240740740740742
