2 0.6026041666666667 0.14421296296296296 0.1546875 0.2884259259259259
8 0.6979166666666666 0.6351851851851852 0.12239583333333333 0.15648148148148147
11 0.9627604166666667 0.40925925925925927 0.07447916666666665 0.6083333333333333
0 0.5223958333333333 0.6981481481481482 0.07604166666666666 0.1935185185185185
3 0.75 0.6962962962962963 0.058333333333333334 0.1537037037037037
0 0.45989583333333334 0.6111111111111112 0.06666666666666667 0.17592592592592593
6 0.9296875 0.512962962962963 0.08020833333333334 0.15
3 0.7067708333333333 0.6518518518518519 0.049479166666666664 0.1037037037037037
10 0.7578125 0.5509259259259259 0.0703125 0.15648148148148147
0 0.2546875 0.2861111111111111 0.0875 0.22037037037037038
