8 0.6036458333333333 0.12037037037037036 0.06927083333333334 0.08981481481481482
16 0.7046875 0.7092592592592593 0.059375 0.075
4 0.8484375 0.5185185185185185 0.10729166666666666 0.19722222222222222
3 0.5744791666666667 0.3194444444444444 0.06510416666666667 0.16296296296296298
2 0.5885416666666666 0.6842592592592592 0.15052083333333333 0.425
11 0.08723958333333333 0.825925925925926 0.17447916666666666 0.3481481481481481
8 0.6067708333333334 0.5101851851851852 0.0546875 0.11666666666666667
17 0.7411458333333333 0.7888888888888889 0.07760416666666667 0.12685185185185185
0 0.7994791666666666 0.35462962962962963 0.11979166666666667 0.25092592592592594
1 0.8510416666666667 0.9474537037037037 0.08697916666666666 0.10509259259259252
17 0.7020833333333333 0.775 0.0578125 0.11203703703703703
11 0.6614583333333334 0.3962962962962963 0.19270833333333334 0.4666666666666667
