0 0.5130208333333334 0.44351851851851853 0.08645833333333333 0.16944444444444445
4 0.20364583333333333 0.3814814814814815 0.07916666666666666 0.11481481481481481
16 0.3927083333333333 0.8148148148148148 0.05416666666666667 0.11851851851851852
0 0.98125 0.20462962962962963 0.03749999999999998 0.18055555555555555
11 0.5833333333333334 0.17592592592592593 0.1921875 0.35185185185185186
4 0.45625 0.5805555555555556 0.0921875 0.14351851851851852
7 0.334375 0.9324074074074075 0.05364583333333333 0.09722222222222222
6 0.4036458333333333 0.39166666666666666 0.12239583333333333 0.2037037037037037
13 0.29739583333333336 0.612037037037037 0.09635416666666667 0.18611111111111112
10 0.4786458333333333 0.7435185185185185 0.11927083333333334 0.2657407407407407
