0 0.018359374999999997 0.5101851851851852 0.036718749999999994 0.21944444444444444
2 0.803125 0.8194444444444444 0.1515625 0.36111111111111105
8 0.8078125 0.45185185185185184 0.059895833333333336 0.09166666666666666
11 0.278125 0.7324074074074074 0.19114583333333332 0.5157407407407407
0 0.646875 0.8444444444444444 0.11770833333333333 0.24074074074074073
9 0.7057291666666666 0.936574074074074 0.0953125 0.12685185185185188
3 0.5541666666666667 0.9717592592592592 0.06666666666666667 0.056481481481481466
17 0.5078125 0.6287037037037037 0.084375 0.10833333333333334
0 0.07604166666666666 0.33240740740740743 0.10625 0.17222222222222222
10 0.484375 0.5731481481481482 0.1265625 0.19166666666666668
11 0.8677083333333333 0.6129629629629629 0.16979166666666667 0.4675925925925926
18 0.6760416666666667 0.9685185185185186 0.08020833333333334 0.062962962962963
