3 0.03841145833333333 0.5407407407407407 0.07682291666666666 0.13240740740740742
7 0.16354166666666667 0.9148148148148149 0.06822916666666666 0.1574074074074074
14 0.0921875 0.7092592592592593 0.07083333333333333 0.12962962962962962
11 0.15885416666666666 0.774537037037037 0.20416666666666666 0.45092592592592595
1 0.8151041666666666 0.05486111111111111 0.12239583333333333 0.10972222222222222
14 0.22552083333333334 0.2388888888888889 0.0578125 0.08425925925925926
18 0.09010416666666667 0.8092592592592592 0.05572916666666667 0.08796296296296297
11 0.7625 0.4638888888888889 0.15416666666666667 0.412962962962963
13 0.025390625 0.43148148148148147 0.05078125 0.14814814814814814
0 0.353125 0.16111111111111112 0.0671875 0.15092592592592594
