6 0.8114583333333333 0.7916666666666666 0.0875 0.14074074074074075
0 0.684375 0.8009259259259259 0.05625 0.24166666666666667
0 0.8515625 0.15648148148148147 0.04791666666666667 0.19074074074074074
7 0.80625 0.6194444444444445 0.10520833333333333 0.1962962962962963
5 0.963671875 0.6916666666666667 0.07265624999999998 0.1648148148148148
11 0.3515625 0.287962962962963 0.17239583333333333 0.4583333333333333
0 0.06197916666666667 0.08912037037037038 0.06510416666666667 0.17824074074074076
6 0.9088541666666666 0.2898148148148148 0.065625 0.14907407407407408
2 0.33229166666666665 0.5444444444444444 0.14947916666666666 0.43796296296296294
10 0.47604166666666664 0.9074074074074074 0.09635416666666667 0.18518518518518512
