12 0.2916666666666667 0.40555555555555556 0.05364583333333333 0.09907407407407408
10 0.5838541666666667 0.2064814814814815 0.07708333333333334 0.10925925925925926
2 0.46041666666666664 0.5694444444444444 0.13958333333333334 0.44814814814814813
15 0.28125 0.5509259259259259 0.09583333333333334 0.16203703703703703
5 0.4109375 0.27685185185185185 0.06927083333333334 0.0962962962962963
16 0.48489583333333336 0.41388888888888886 0.13125 0.14166666666666666
0 0.525 0.1537037037037037 0.07552083333333333 0.17407407407407408
0 0.8072916666666666 0.19907407407407407 0.11666666666666667 0.1787037037037037
1 0.6932291666666667 0.25833333333333336 0.14739583333333334 0.1388888888888889
4 0.6354166666666666 0.44907407407407407 0.08385416666666666 0.15925925925925927
