2 0.5135416666666667 0.3962962962962963 0.18645833333333334 0.6425925925925926
15 0.49114583333333334 0.4861111111111111 0.05416666666666667 0.09074074074074075
12 0.36875 0.3972222222222222 0.07447916666666667 0.13703703703703704
15 0.3854166666666667 0.6351851851851852 0.06770833333333333 0.10277777777777777
16 0.3338541666666667 0.687962962962963 0.0828125 0.20925925925925926
11 0.91796875 0.1886574074074074 0.1640625 0.3773148148148148
18 0.3151041666666667 0.12685185185185185 0.0921875 0.14629629629629629
0 0.47760416666666666 0.16018518518518518 0.09427083333333333 0.1574074074074074
1 0.7354166666666667 0.2777777777777778 0.09010416666666667 0.2564814814814815
2 0.6291666666666667 0.1400462962962963 0.15572916666666667 0.2800925925925926
7 0.30416666666666664 0.5481481481481482 0.0984375 0.1361111111111111
