17 0.7145833333333333 0.6296296296296297 0.16510416666666666 0.25555555555555554
3 0.7177083333333333 0.5648148148148148 0.08229166666666667 0.17037037037037037
9 0.6348958333333333 0.3296296296296296 0.08854166666666667 0.18333333333333332
14 0.8171875 0.5027777777777778 0.04635416666666667 0.09907407407407408
11 0.521875 0.3685185185185185 0.17395833333333333 0.6527777777777778
0 0.9098958333333333 0.3398148148148148 0.0953125 0.2601851851851852
11 0.8005208333333333 0.4925925925925926 0.15729166666666666 0.6194444444444445
17 0.5078125 0.1648148148148148 0.13541666666666666 0.24537037037037038
13 0.528125 0.05740740740740741 0.08802083333333334 0.11481481481481481
0 0.7322916666666667 0.2777777777777778 0.07083333333333333 0.19444444444444445
4 0.384375 0.4685185185185185 0.07135416666666666 0.1111111111111111
