9 0.25 0.4148148148148148 0.0953125 0.15092592592592594
2 0.48385416666666664 0.4638888888888889 0.2109375 0.5898148148148148
16 0.47604166666666664 0.4925925925925926 0.04010416666666667 0.11666666666666667
0 0.17083333333333334 0.8305555555555556 0.09375 0.2037037037037037
9 0.3333333333333333 0.41944444444444445 0.05260416666666667 0.10092592592592593
11 0.9436197916666667 0.1798611111111111 0.11276041666666659 0.3597222222222222
5 0.3848958333333333 0.23333333333333334 0.08229166666666667 0.1259259259259259
4 0.48125 0.2722222222222222 0.0640625 0.1425925925925926
0 0.6265625 0.7620370370370371 0.090625 0.21944444444444444
2 0.3104166666666667 0.29583333333333334 0.20104166666666667 0.5916666666666667
1 0.17916666666666667 0.4638888888888889 0.1734375 0.18703703703703703
15 0.3416666666666667 0.5425925925925926 0.07916666666666666 0.15092592592592594
