18 0.43125 0.4888888888888889 0.08125 0.15185185185185185
0 0.265625 0.48518518518518516 0.08541666666666667 0.2462962962962963
17 0.46875 0.5388888888888889 0.09635416666666667 0.17777777777777778
9 0.41822916666666665 0.38333333333333336 0.078125 0.11944444444444445
6 0.671875 0.7564814814814815 0.08645833333333333 0.17314814814814813
11 0.18177083333333333 0.4527777777777778 0.18385416666666668 0.5333333333333333
14 0.35520833333333335 0.7111111111111111 0.12239583333333333 0.19722222222222222
1 0.909375 0.03773148148148148 0.109375 0.07546296296296295
1 0.9385416666666667 0.4888888888888889 0.09114583333333333 0.09537037037037037
11 0.12291666666666666 0.23449074074074072 0.18125 0.46898148148148144
16 0.44479166666666664 0.6518518518518519 0.10104166666666667 0.12962962962962962
9 0.4666666666666667 0.587037037037037 0.05625 0.12407407407407407
