5 0.6515625 0.4564814814814815 0.05 0.13055555555555556
11 0.35260416666666666 0.7856481481481481 0.16041666666666668 0.4287037037037037
0 0.4510416666666667 0.5731481481481482 0.0765625 0.14814814814814814
10 0.41302083333333334 0.6240740740740741 0.1453125 0.23055555555555557
18 0.5776041666666667 0.587037037037037 0.06354166666666666 0.10740740740740741
4 0.37864583333333335 0.5796296296296296 0.06145833333333333 0.10740740740740741
2 0.6536458333333334 0.8555555555555556 0.19739583333333333 0.28888888888888886
11 0.32135416666666666 0.18587962962962962 0.17916666666666667 0.37175925925925923
19 0.4036458333333333 0.8657407407407407 0.0765625 0.15555555555555556
0 0.41510416666666666 0.44537037037037036 0.09583333333333334 0.2351851851851852
0 0.303125 0.5898148148148148 0.06822916666666666 0.2537037037037037
