18 0.34791666666666665 0.09444444444444444 0.050520833333333334 0.0787037037037037
3 0.4635416666666667 0.5185185185185185 0.059895833333333336 0.11203703703703703
11 0.8192708333333333 0.8372685185185185 0.16822916666666668 0.32546296296296295
7 0.4786458333333333 0.7481481481481481 0.16041666666666668 0.1824074074074074
0 0.2755208333333333 0.059722222222222225 0.14791666666666667 0.11944444444444445
12 0.3494791666666667 0.7194444444444444 0.05677083333333333 0.12777777777777777
17 0.3802083333333333 0.3435185185185185 0.11458333333333333 0.2388888888888889
16 0.26875 0.6398148148148148 0.051041666666666666 0.11851851851851852
0 0.2421875 0.7444444444444445 0.0828125 0.2490740740740741
2 0.9115885416666667 0.12430555555555556 0.1768229166666666 0.24861111111111112
15 0.36666666666666664 0.7212962962962963 0.06354166666666666 0.12777777777777777
0 0.7708333333333334 0.3175925925925926 0.12447916666666667 0.2
