0 0.6119791666666666 0.6564814814814814 0.05364583333333333 0.17685185185185184
13 0.803125 0.45740740740740743 0.109375 0.20925925925925926
17 0.8203125 0.45740740740740743 0.08958333333333333 0.12037037037037036
0 0.2046875 0.4462962962962963 0.07447916666666667 0.15462962962962962
7 0.8197916666666667 0.475 0.06354166666666666 0.14166666666666666
0 0.7041666666666667 0.3351851851851852 0.12239583333333333 0.2037037037037037
14 0.9609375 0.7361111111111112 0.06927083333333334 0.13333333333333333
6 0.7005208333333334 0.5583333333333333 0.11041666666666666 0.13703703703703704
16 0.6578125 0.6805555555555556 0.06875 0.10092592592592593
12 0.8046875 0.5435185185185185 0.08177083333333333 0.1037037037037037
