5 0.4635416666666667 0.9 0.058333333333333334 0.14537037037037037
3 0.5088541666666667 0.43333333333333335 0.0609375 0.11203703703703703
4 0.5994791666666667 0.5342592592592592 0.07604166666666666 0.11851851851851852
13 0.5619791666666667 0.4666666666666667 0.1046875 0.15092592592592594
0 0.9462239583333334 0.7064814814814815 0.10755208333333333 0.24814814814814815
2 0.4515625 0.799537037037037 0.15260416666666668 0.4009259259259259
2 0.6932291666666667 0.6111111111111112 0.16666666666666666 0.43703703703703706
11 0.890625 0.42685185185185187 0.1546875 0.5583333333333333
15 0.703125 0.44351851851851853 0.0859375 0.19444444444444445
0 0.54375 0.9199074074074074 0.0640625 0.1601851851851852
13 0.7828125 0.40370370370370373 0.11875 0.1814814814814815
