17 0.7109375 0.5555555555555556 0.09427083333333333 0.1175925925925926
0 0.8734375 0.8731481481481481 0.08645833333333333 0.18333333333333332
0 0.3932291666666667 0.5888888888888889 0.15 0.2175925925925926
5 0.8421875 0.5694444444444444 0.06510416666666667 0.11481481481481481
7 0.921875 0.5564814814814815 0.07395833333333333 0.11296296296296296
16 0.7895833333333333 0.19074074074074074 0.07395833333333333 0.17592592592592593
16 0.9135416666666667 0.2101851851851852 0.09583333333333334 0.1675925925925926
11 0.31666666666666665 0.3435185185185185 0.15677083333333333 0.43703703703703706
12 0.98046875 0.45555555555555555 0.0390625 0.1574074074074074
11 0.16041666666666668 0.18009259259259258 0.14010416666666667 0.36018518518518516
0 0.2864583333333333 0.5472222222222223 0.07916666666666666 0.1712962962962963
2 0.6338541666666667 0.46944444444444444 0.1625 0.4777777777777778
12 0.6395833333333333 0.775 0.075 0.1675925925925926
