4 0.26875 0.2537037037037037 0.04791666666666667 0.0787037037037037
8 0.346875 0.8398148148148148 0.053125 0.1037037037037037
11 0.7197916666666667 0.6620370370370371 0.18489583333333334 0.6351851851851852
18 0.22708333333333333 0.5583333333333333 0.075 0.11944444444444445
19 0.24947916666666667 0.45092592592592595 0.11822916666666666 0.1425925925925926
2 0.8765625 0.8002314814814815 0.1953125 0.399537037037037
6 0.2791666666666667 0.4925925925925926 0.0640625 0.10092592592592593
1 0.0953125 0.08541666666666667 0.1265625 0.17083333333333334
11 0.11354166666666667 0.4722222222222222 0.14947916666666666 0.6212962962962963
0 0.071875 0.2740740740740741 0.07864583333333333 0.25833333333333336
8 0.21458333333333332 0.6583333333333333 0.10364583333333334 0.16018518518518518
5 0.33489583333333334 0.5046296296296297 0.084375 0.11574074074074074
