6 0.3921875 0.6166666666666667 0.15208333333333332 0.21574074074074073
0 0.071875 0.7027777777777777 0.12708333333333333 0.18703703703703703
11 0.04895833333333333 0.5546296296296296 0.09791666666666667 0.5472222222222223
9 0.5036458333333333 0.6277777777777778 0.0671875 0.1398148148148148
3 0.465625 0.5638888888888889 0.06197916666666667 0.12222222222222222
0 0.3963541666666667 0.6277777777777778 0.04479166666666667 0.1574074074074074
10 0.6609375 0.33240740740740743 0.171875 0.2462962962962963
8 0.6005208333333333 0.6 0.121875 0.25555555555555554
3 0.45364583333333336 0.49722222222222223 0.08645833333333333 0.15185185185185185
0 0.9700520833333333 0.8935185185185185 0.05989583333333337 0.21296296296296302
