5 0.45364583333333336 0.5194444444444445 0.06354166666666666 0.09722222222222222
0 0.6744791666666666 0.5138888888888888 0.14010416666666667 0.26851851851851855
15 0.3880208333333333 0.2935185185185185 0.06979166666666667 0.18888888888888888
9 0.6854166666666667 0.2916666666666667 0.078125 0.15925925925925927
9 0.4041666666666667 0.2537037037037037 0.05677083333333333 0.12777777777777777
8 0.4953125 0.7842592592592592 0.09479166666666666 0.12685185185185185
2 0.3463541666666667 0.8233796296296296 0.14583333333333334 0.35324074074074074
1 0.7354166666666667 0.11018518518518519 0.058854166666666666 0.14907407407407408
2 0.7927083333333333 0.5462962962962963 0.15729166666666666 0.6388888888888888
13 0.5057291666666667 0.5666666666666667 0.05416666666666667 0.07037037037037037
13 0.5875 0.0824074074074074 0.08333333333333333 0.15833333333333333
