13 0.43697916666666664 0.5435185185185185 0.08854166666666667 0.14629629629629629
15 0.4088541666666667 0.4685185185185185 0.075 0.13796296296296295
0 0.5604166666666667 0.09398148148148147 0.12239583333333333 0.18796296296296294
2 0.7072916666666667 0.5481481481481482 0.16302083333333334 0.46296296296296297
11 0.8489583333333334 0.7358796296296296 0.1703125 0.5282407407407408
0 0.7994791666666666 0.6888888888888889 0.08802083333333334 0.21203703703703702
19 0.6177083333333333 0.8074074074074075 0.13020833333333334 0.2101851851851852
6 0.353125 0.6277777777777778 0.049479166666666664 0.10925925925925926
1 0.5817708333333333 0.3277777777777778 0.1015625 0.17777777777777778
2 0.6723958333333333 0.31666666666666665 0.17552083333333332 0.5879629629629629
19 0.2828125 0.30185185185185187 0.07604166666666666 0.12685185185185185
