11 0.8015625 0.22662037037037036 0.1703125 0.4532407407407407
8 0.7744791666666667 0.6787037037037037 0.12864583333333332 0.18611111111111112
12 0.5229166666666667 0.35833333333333334 0.07239583333333334 0.18425925925925926
8 0.5828125 0.175 0.08229166666666667 0.16018518518518518
2 0.9088541666666666 0.8277777777777777 0.1421875 0.34444444444444455
2 0.3484375 0.6675925925925926 0.20260416666666667 0.6194444444444445
1 0.7239583333333334 0.674074074074074 0.16666666666666666 0.17037037037037037
7 0.709375 0.2953703703703704 0.08333333333333333 0.18703703703703703
12 0.8645833333333334 0.5287037037037037 0.078125 0.1287037037037037
10 0.44947916666666665 0.40925925925925927 0.14635416666666667 0.2518518518518518
13 0.8015625 0.712037037037037 0.09010416666666667 0.1537037037037037
