7 0.6510416666666666 0.40925925925925927 0.04635416666666667 0.0824074074074074
9 0.8598958333333333 0.2324074074074074 0.0671875 0.1259259259259259
16 0.653125 0.6083333333333333 0.049479166666666664 0.08888888888888889
1 0.5583333333333333 0.924074074074074 0.09739583333333333 0.1518518518518519
1 0.2760416666666667 0.0962962962962963 0.08020833333333334 0.12129629629629629
2 0.8098958333333334 0.15717592592592594 0.16302083333333334 0.3143518518518519
9 0.5489583333333333 0.9680555555555556 0.06822916666666666 0.06388888888888888
18 0.6442708333333333 0.950925925925926 0.08125 0.0981481481481482
16 0.6984375 0.7157407407407408 0.059895833333333336 0.18703703703703703
0 0.890625 0.5814814814814815 0.06458333333333334 0.21851851851851853
4 0.446875 0.6972222222222222 0.07083333333333333 0.11851851851851852
2 0.3177083333333333 0.7789351851851852 0.1625 0.44212962962962954
11 0.5197916666666667 0.1928240740740741 0.18958333333333333 0.3856481481481482
