2 0.11145833333333334 0.6611111111111111 0.17760416666666667 0.4740740740740741
4 0.2786458333333333 0.16666666666666666 0.065625 0.13518518518518519
18 0.09479166666666666 0.6805555555555556 0.06041666666666667 0.09444444444444444
2 0.9091145833333334 0.23125 0.18177083333333333 0.4625
14 0.496875 0.5287037037037037 0.053125 0.1
0 0.6864583333333333 0.5537037037037037 0.06145833333333333 0.1787037037037037
1 0.9057291666666667 0.945138888888889 0.11770833333333333 0.10972222222222217
0 0.50625 0.7925925925925926 0.11979166666666667 0.2111111111111111
9 0.44427083333333334 0.34074074074074073 0.06770833333333333 0.09722222222222222
2 0.403125 0.7659722222222223 0.15989583333333332 0.46805555555555556
17 0.31354166666666666 0.12314814814814815 0.06302083333333333 0.10277777777777777
5 0.2911458333333333 0.03634259259259259 0.052083333333333336 0.07268518518518519
6 0.38125 0.6435185185185185 0.07604166666666666 0.1648148148148148
