17 0.190625 0.28888888888888886 0.05572916666666667 0.08703703703703704
17 0.06979166666666667 0.8564814814814815 0.08645833333333333 0.14537037037037037
11 0.6302083333333334 0.4111111111111111 0.19479166666666667 0.48518518518518516
3 0.26458333333333334 0.33055555555555555 0.07552083333333333 0.11203703703703703
6 0.3302083333333333 0.4583333333333333 0.09479166666666666 0.08981481481481482
6 0.32447916666666665 0.3574074074074074 0.13489583333333333 0.2601851851851852
0 0.5822916666666667 0.8675925925925926 0.05364583333333333 0.25555555555555554
15 0.3255208333333333 0.7055555555555556 0.1296875 0.17222222222222222
9 0.32916666666666666 0.562037037037037 0.10104166666666667 0.17962962962962964
11 0.8541666666666666 0.2525462962962963 0.1453125 0.5050925925925926
