16 0.17239583333333333 0.6166666666666667 0.10260416666666666 0.14351851851851852
8 0.10520833333333333 0.2537037037037037 0.11927083333333334 0.1712962962962963
3 0.16614583333333333 0.6962962962962963 0.09114583333333333 0.1259259259259259
10 0.5322916666666667 0.4925925925925926 0.1234375 0.14351851851851852
1 0.378125 0.1712962962962963 0.05364583333333333 0.1638888888888889
0 0.5958333333333333 0.06898148148148148 0.090625 0.13796296296296295
2 0.459375 0.8902777777777777 0.13854166666666667 0.21944444444444444
11 0.6526041666666667 0.17245370370370372 0.13385416666666666 0.34490740740740744
2 0.31979166666666664 0.45185185185185184 0.134375 0.4
9 0.16979166666666667 0.5481481481481482 0.11666666666666667 0.21388888888888888
