15 0.7515625 0.4009259259259259 0.11770833333333333 0.2111111111111111
18 0.7505208333333333 0.2351851851851852 0.103125 0.15462962962962962
13 0.496875 0.9719907407407408 0.07135416666666666 0.05601851851851847
1 0.5041666666666667 0.35833333333333334 0.134375 0.12222222222222222
3 0.7177083333333333 0.1925925925925926 0.04114583333333333 0.10740740740740741
19 0.7177083333333333 0.2796296296296296 0.13854166666666667 0.22592592592592592
2 0.17916666666666667 0.6342592592592593 0.1234375 0.38796296296296295
11 0.25052083333333336 0.705324074074074 0.1625 0.5893518518518519
15 0.7098958333333333 0.7203703703703703 0.0796875 0.1398148148148148
2 0.054296874999999994 0.22314814814814815 0.10859374999999999 0.4462962962962963
