13 0.5161458333333333 0.8018518518518518 0.0890625 0.12777777777777777
0 0.5578125 0.3175925925925926 0.09947916666666666 0.14074074074074075
2 0.3567708333333333 0.7773148148148148 0.2 0.4453703703703704
7 0.49166666666666664 0.15555555555555556 0.09166666666666666 0.12777777777777777
1 0.2671875 0.5731481481481482 0.12708333333333333 0.175
13 0.4510416666666667 0.5657407407407408 0.07552083333333333 0.11296296296296296
2 0.2786458333333333 0.3638888888888889 0.20260416666666667 0.6231481481481481
16 0.5598958333333334 0.45555555555555555 0.09791666666666667 0.20092592592592592
18 0.565625 0.3388888888888889 0.08958333333333333 0.14814814814814814
3 0.5786458333333333 0.35 0.0875 0.1361111111111111
2 0.6822916666666666 0.38425925925925924 0.1484375 0.6027777777777777
