2 0.875 0.8009259259259259 0.146875 0.39814814814814814
19 0.2682291666666667 0.6092592592592593 0.08385416666666666 0.11574074074074074
16 0.5052083333333334 0.35648148148148145 0.10885416666666667 0.19907407407407407
8 0.5479166666666667 0.3824074074074074 0.09375 0.1648148148148148
2 0.13489583333333333 0.1699074074074074 0.1484375 0.3398148148148148
0 0.1546875 0.7435185185185185 0.10625 0.16944444444444445
0 0.3651041666666667 0.0587962962962963 0.06510416666666667 0.1175925925925926
7 0.46458333333333335 0.21574074074074073 0.059895833333333336 0.09907407407407408
19 0.45208333333333334 0.3962962962962963 0.14375 0.18055555555555555
0 0.21145833333333333 0.5537037037037037 0.06822916666666666 0.15925925925925927
6 0.4786458333333333 0.6842592592592592 0.11145833333333334 0.1935185185185185
