7 0.625 0.41203703703703703 0.0921875 0.10833333333333334
18 0.8796875 0.35185185185185186 0.0984375 0.16296296296296298
0 0.7 0.09907407407407406 0.10260416666666666 0.19814814814814813
8 0.6276041666666666 0.5962962962962963 0.08645833333333333 0.12314814814814815
12 0.6322916666666667 0.7620370370370371 0.050520833333333334 0.14166666666666666
11 0.2640625 0.44537037037037036 0.20677083333333332 0.5055555555555555
3 0.7708333333333334 0.32037037037037036 0.0375 0.10555555555555556
11 0.128125 0.5018518518518519 0.1234375 0.5425925925925926
0 0.7473958333333334 0.08449074074074074 0.07135416666666666 0.16898148148148148
2 0.8557291666666667 0.5777777777777777 0.13489583333333333 0.3907407407407407
