16 0.6875 0.3537037037037037 0.115625 0.2222222222222222
0 0.5713541666666667 0.9490740740740741 0.08854166666666667 0.10185185185185186
11 0.07747395833333333 0.27361111111111114 0.15494791666666666 0.5472222222222223
0 0.09739583333333333 0.7 0.08385416666666666 0.17685185185185184
2 0.8 0.8409722222222222 0.17447916666666666 0.31805555555555554
15 0.6484375 0.5037037037037037 0.07552083333333333 0.14444444444444443
7 0.6708333333333333 0.7185185185185186 0.08541666666666667 0.1537037037037037
4 0.6286458333333333 0.2518518518518518 0.06302083333333333 0.09537037037037037
11 0.4859375 0.7824074074074074 0.20885416666666667 0.4351851851851851
0 0.41822916666666665 0.47129629629629627 0.059895833333333336 0.18518518518518517
