5 0.2125 0.5018518518518519 0.1125 0.13796296296296295
18 0.2171875 0.5046296296296297 0.057291666666666664 0.10462962962962963
11 0.8984375 0.12384259259259259 0.15208333333333332 0.24768518518518517
5 0.21666666666666667 0.5842592592592593 0.08385416666666666 0.1361111111111111
10 0.21875 0.6527777777777778 0.14479166666666668 0.2675925925925926
18 0.1296875 0.15462962962962962 0.06770833333333333 0.1398148148148148
11 0.2994791666666667 0.7553240740740741 0.1546875 0.4893518518518519
0 0.39375 0.1398148148148148 0.08125 0.21851851851851853
11 0.19791666666666666 0.5657407407407408 0.14114583333333333 0.44722222222222224
7 0.1609375 0.7481481481481481 0.11041666666666666 0.20833333333333334
