2 0.42291666666666666 0.7872685185185185 0.16302083333333334 0.42546296296296293
18 0.7890625 0.9692129629629629 0.0765625 0.061574074074074114
15 0.6026041666666667 0.3907407407407407 0.06979166666666667 0.13055555555555556
2 0.5203125 0.8215277777777777 0.209375 0.3569444444444445
0 0.17604166666666668 0.5916666666666667 0.08125 0.31296296296296294
17 0.6213541666666667 0.34074074074074073 0.1140625 0.15925925925925927
11 0.765625 0.11412037037037037 0.16302083333333334 0.22824074074074074
7 0.81875 0.47962962962962963 0.07239583333333334 0.1287037037037037
16 0.6276041666666666 0.5953703703703703 0.05520833333333333 0.08148148148148149
14 0.8395833333333333 0.5148148148148148 0.07135416666666666 0.1824074074074074
