0 0.075 0.6768518518518518 0.1140625 0.20833333333333334
5 0.7802083333333333 0.5814814814814815 0.06927083333333334 0.08148148148148149
13 0.8520833333333333 0.3472222222222222 0.1203125 0.19166666666666668
0 0.6151041666666667 0.8055555555555556 0.10364583333333334 0.28425925925925927
9 0.97421875 0.44074074074074077 0.051562499999999956 0.10092592592592593
13 0.7046875 0.49074074074074076 0.06875 0.1361111111111111
4 0.8921875 0.825 0.09895833333333333 0.18796296296296297
2 0.7885416666666667 0.21296296296296297 0.16927083333333334 0.42592592592592593
3 0.6984375 0.017824074074074076 0.059375 0.03564814814814815
16 0.6708333333333333 0.637962962962963 0.07447916666666667 0.15
