16 0.4265625 0.47685185185185186 0.044270833333333336 0.08611111111111111
11 0.5552083333333333 0.46111111111111114 0.16614583333333333 0.4898148148148148
11 0.6682291666666667 0.737037037037037 0.21927083333333333 0.5259259259259259
14 0.4588541666666667 0.6620370370370371 0.052083333333333336 0.09722222222222222
0 0.925 0.8842592592592593 0.09635416666666667 0.2314814814814814
3 0.38229166666666664 0.6064814814814815 0.0765625 0.1638888888888889
11 0.9381510416666667 0.7430555555555556 0.12369791666666663 0.5138888888888888
0 0.8885416666666667 0.4648148148148148 0.11145833333333334 0.15925925925925927
13 0.3265625 0.4222222222222222 0.07864583333333333 0.10462962962962963
7 0.3729166666666667 0.5712962962962963 0.07395833333333333 0.13240740740740742
14 0.578125 0.46111111111111114 0.09010416666666667 0.13148148148148148
