15 0.5536458333333333 0.06180555555555556 0.09739583333333333 0.12361111111111112
0 0.784375 0.33055555555555555 0.06302083333333333 0.20555555555555555
5 0.43697916666666664 0.4203703703703704 0.05677083333333333 0.13425925925925927
2 0.9201822916666667 0.5351851851851852 0.1596354166666667 0.44351851851851853
7 0.7817708333333333 0.40185185185185185 0.09947916666666666 0.17685185185185184
11 0.28854166666666664 0.7712962962962964 0.21354166666666666 0.4574074074074074
19 0.6541666666666667 0.24351851851851852 0.14791666666666667 0.22407407407407406
4 0.5161458333333333 0.34444444444444444 0.07604166666666666 0.13055555555555556
11 0.88125 0.4685185185185185 0.18645833333333334 0.5638888888888889
3 0.5317708333333333 0.3685185185185185 0.051041666666666666 0.12962962962962962
