6 0.3338541666666667 0.7490740740740741 0.1125 0.22962962962962963
13 0.23854166666666668 0.46111111111111114 0.07083333333333333 0.10740740740740741
0 0.32395833333333335 0.4083333333333333 0.0984375 0.19537037037037036
11 0.8364583333333333 0.15555555555555556 0.1546875 0.3111111111111111
17 0.27760416666666665 0.3814814814814815 0.078125 0.09351851851851851
8 0.38177083333333334 0.11666666666666667 0.10052083333333334 0.1814814814814815
11 0.054817708333333326 0.3333333333333333 0.10963541666666665 0.5305555555555556
7 0.3067708333333333 0.3509259259259259 0.10833333333333334 0.1361111111111111
1 0.18958333333333333 0.4064814814814815 0.07447916666666667 0.17777777777777778
15 0.34322916666666664 0.23148148148148148 0.12447916666666667 0.15925925925925927
