17 0.578125 0.4824074074074074 0.121875 0.15648148148148147
11 0.39375 0.7555555555555555 0.16875 0.4861111111111111
4 0.528125 0.687962962962963 0.08854166666666667 0.13148148148148148
9 0.41822916666666665 0.41388888888888886 0.0578125 0.11296296296296296
3 0.5838541666666667 0.4898148148148148 0.08645833333333333 0.1175925925925926
19 0.4609375 0.7509259259259259 0.11197916666666667 0.2564814814814815
15 0.496875 0.4638888888888889 0.16875 0.2490740740740741
19 0.6130208333333333 0.6657407407407407 0.08177083333333333 0.15462962962962962
11 0.4171875 0.1736111111111111 0.13489583333333333 0.3472222222222222
0 0.9109375 0.09444444444444444 0.08489583333333334 0.18888888888888888
