2 0.4125 0.39814814814814814 0.1703125 0.487962962962963
1 0.5828125 0.3851851851851852 0.15416666666666667 0.18888888888888888
10 0.5109375 0.5314814814814814 0.07395833333333333 0.17592592592592593
6 0.29010416666666666 0.5398148148148149 0.15885416666666666 0.14074074074074075
4 0.5140625 0.26296296296296295 0.071875 0.10277777777777777
0 0.2 0.9233796296296296 0.07135416666666666 0.1532407407407408
4 0.30572916666666666 0.6277777777777778 0.06041666666666667 0.12129629629629629
9 0.3880208333333333 0.2111111111111111 0.0640625 0.09537037037037037
0 0.9109375 0.18518518518518517 0.07239583333333334 0.17407407407407408
17 0.6057291666666667 0.06851851851851852 0.07604166666666666 0.1287037037037037
11 0.6864583333333333 0.7597222222222222 0.1828125 0.4805555555555556
