18 0.40572916666666664 0.4287037037037037 0.10572916666666667 0.18888888888888888
0 0.47604166666666664 0.07500000000000001 0.06770833333333333 0.15000000000000002
19 0.3848958333333333 0.6 0.11822916666666666 0.1648148148148148
12 0.3854166666666667 0.2175925925925926 0.08541666666666667 0.19814814814814816
0 0.8541666666666666 0.3638888888888889 0.12291666666666666 0.2675925925925926
14 0.44895833333333335 0.47962962962962963 0.05 0.10185185185185185
11 0.4817708333333333 0.21481481481481482 0.19583333333333333 0.42962962962962964
0 0.7489583333333333 0.9409722222222222 0.08125 0.11805555555555558
13 0.2520833333333333 0.45555555555555555 0.0734375 0.11481481481481481
3 0.38333333333333336 0.6194444444444445 0.07083333333333333 0.0962962962962963
9 0.4015625 0.7231481481481481 0.0828125 0.14629629629629629
