17 0.8041666666666667 0.375 0.09270833333333334 0.12407407407407407
8 0.7364583333333333 0.4648148148148148 0.08125 0.1685185185185185
19 0.6541666666666667 0.6759259259259259 0.10677083333333333 0.1712962962962963
1 0.33177083333333335 0.4935185185185185 0.128125 0.13796296296296295
0 0.4708333333333333 0.7731481481481481 0.10260416666666666 0.18981481481481483
16 0.8244791666666667 0.8314814814814815 0.0984375 0.15092592592592594
0 0.3645833333333333 0.325 0.10833333333333334 0.24074074074074073
5 0.9171875 0.4148148148148148 0.04791666666666667 0.06944444444444445
16 0.96171875 0.5962962962962963 0.07656249999999998 0.15185185185185185
4 0.6375 0.3574074074074074 0.1125 0.18611111111111112
