18 0.3020833333333333 0.3611111111111111 0.08854166666666667 0.16111111111111112
2 0.4734375 0.3194444444444444 0.13385416666666666 0.4888888888888889
0 0.9651041666666667 0.7018518518518518 0.0697916666666667 0.23981481481481481
1 0.4822916666666667 0.9349537037037037 0.06927083333333334 0.13009259259259265
11 0.915625 0.28703703703703703 0.13072916666666667 0.4842592592592593
3 0.2578125 0.5203703703703704 0.10520833333333333 0.15185185185185185
0 0.165625 0.7083333333333334 0.09895833333333333 0.1962962962962963
2 0.32864583333333336 0.25763888888888886 0.15 0.5152777777777777
4 0.23229166666666667 0.5861111111111111 0.10260416666666666 0.13333333333333333
19 0.21302083333333333 0.46296296296296297 0.15625 0.16944444444444445
