0 0.5578125 0.5888888888888889 0.07135416666666666 0.1962962962962963
14 0.35260416666666666 0.6435185185185185 0.06979166666666667 0.10648148148148148
12 0.2484375 0.5972222222222222 0.04114583333333333 0.10092592592592593
15 0.3875 0.4888888888888889 0.07291666666666667 0.16666666666666666
11 0.125 0.7756944444444445 0.18854166666666666 0.4486111111111112
13 0.19166666666666668 0.41388888888888886 0.08802083333333334 0.13148148148148148
0 0.5546875 0.1814814814814815 0.0625 0.19907407407407407
0 0.640625 0.15 0.1078125 0.19537037037037036
11 0.8828125 0.8490740740740741 0.15104166666666666 0.3018518518518518
13 0.4171875 0.9324074074074075 0.05364583333333333 0.09166666666666666
12 0.18645833333333334 0.837037037037037 0.0875 0.11851851851851852
15 0.290625 0.7333333333333333 0.06302083333333333 0.09537037037037037
