10 0.225 0.1962962962962963 0.11770833333333333 0.21851851851851853
12 0.4359375 0.41759259259259257 0.08958333333333333 0.14629629629629629
2 0.5526041666666667 0.1125 0.1484375 0.225
16 0.38333333333333336 0.22870370370370371 0.07135416666666666 0.13425925925925927
11 0.9071614583333334 0.3824074074074074 0.18567708333333333 0.4638888888888889
3 0.4088541666666667 0.35 0.08645833333333333 0.11944444444444445
5 0.4713541666666667 0.34074074074074073 0.0546875 0.10277777777777777
2 0.46822916666666664 0.7685185185185186 0.18020833333333333 0.4629629629629629
0 0.052864583333333326 0.15462962962962962 0.10572916666666665 0.18981481481481483
7 0.5458333333333333 0.5444444444444444 0.09375 0.15
