11 0.9513020833333333 0.6129629629629629 0.09739583333333335 0.4861111111111111
0 0.03802083333333333 0.04513888888888889 0.07604166666666666 0.09027777777777778
5 0.2682291666666667 0.6787037037037037 0.08541666666666667 0.10555555555555556
8 0.515625 0.9543981481481482 0.07864583333333333 0.09120370370370368
17 0.409375 0.4287037037037037 0.11041666666666666 0.15833333333333333
0 0.9119791666666667 0.35185185185185186 0.06875 0.1787037037037037
9 0.571875 0.7287037037037037 0.07552083333333333 0.14351851851851852
11 0.49322916666666666 0.7055555555555556 0.19270833333333334 0.487962962962963
0 0.46510416666666665 0.8083333333333333 0.10208333333333333 0.10740740740740741
15 0.478125 0.6555555555555556 0.08645833333333333 0.21944444444444444
4 0.765625 0.5425925925925926 0.0796875 0.11574074074074074
18 0.5286458333333334 0.7777777777777778 0.049479166666666664 0.10648148148148148
