1 0.1875 0.08773148148148148 0.1203125 0.17546296296296296
2 0.4953125 0.7342592592592593 0.1625 0.4685185185185185
8 0.6739583333333333 0.7185185185185186 0.07760416666666667 0.1527777777777778
2 0.6703125 0.5666666666666667 0.14947916666666666 0.6268518518518519
14 0.740625 0.5537037037037037 0.05625 0.08611111111111111
2 0.478125 0.5861111111111111 0.19270833333333334 0.5537037037037037
9 0.5942708333333333 0.2675925925925926 0.0765625 0.15092592592592594
16 0.7447916666666666 0.5944444444444444 0.05677083333333333 0.1
15 0.6307291666666667 0.5564814814814815 0.15729166666666666 0.18888888888888888
0 0.8828125 0.5083333333333333 0.06197916666666667 0.14074074074074075
0 0.38125 0.19722222222222222 0.0609375 0.2351851851851852
19 0.7645833333333333 0.6972222222222222 0.09947916666666666 0.1824074074074074
