0 0.8901041666666667 0.3287037037037037 0.10989583333333333 0.28055555555555556
5 0.6807291666666667 0.2675925925925926 0.05364583333333333 0.1111111111111111
3 0.6114583333333333 0.6546296296296297 0.0796875 0.09907407407407408
16 0.7625 0.7685185185185185 0.05572916666666667 0.10925925925925926
3 0.6770833333333334 0.5083333333333333 0.0515625 0.10648148148148148
11 0.8873697916666667 0.2238425925925926 0.22526041666666663 0.4476851851851852
0 0.059375 0.21574074074074073 0.09427083333333333 0.23148148148148148
10 0.63125 0.06296296296296296 0.13489583333333333 0.1259259259259259
2 0.9264322916666666 0.7284722222222222 0.14713541666666674 0.5430555555555555
1 0.6927083333333334 0.1814814814814815 0.08645833333333333 0.21666666666666667
6 0.6020833333333333 0.9731481481481481 0.0609375 0.0537037037037037
