12 0.27708333333333335 0.19814814814814816 0.0515625 0.13055555555555556
17 0.459375 0.1675925925925926 0.09739583333333333 0.12037037037037036
1 0.9140625 0.39351851851851855 0.09479166666666666 0.13148148148148148
13 0.2484375 0.19444444444444445 0.09010416666666667 0.1675925925925926
0 0.7708333333333334 0.9476851851851852 0.07760416666666667 0.10462962962962963
11 0.9630208333333333 0.2673611111111111 0.07395833333333335 0.5347222222222222
0 0.036328125 0.8694444444444445 0.07265625 0.24722222222222223
6 0.121875 0.4064814814814815 0.0765625 0.12222222222222222
2 0.7927083333333333 0.575925925925926 0.16302083333333334 0.5953703703703703
11 0.8572916666666667 0.42685185185185187 0.16197916666666667 0.4675925925925926
