13 0.809375 0.6694444444444444 0.10572916666666667 0.13518518518518519
0 0.11614583333333334 0.062268518518518515 0.07239583333333334 0.12453703703703703
16 0.5567708333333333 0.4666666666666667 0.036458333333333336 0.0712962962962963
1 0.18802083333333333 0.4046296296296296 0.10208333333333333 0.15092592592592594
0 0.29010416666666666 0.8861111111111111 0.0609375 0.22777777777777786
2 0.36302083333333335 0.15532407407407406 0.19739583333333333 0.3106481481481481
9 0.7489583333333333 0.4962962962962963 0.05572916666666667 0.07962962962962963
2 0.08697916666666666 0.19791666666666666 0.134375 0.3958333333333333
12 0.7640625 0.6222222222222222 0.09270833333333334 0.14629629629629629
7 0.7083333333333334 0.6240740740740741 0.08177083333333333 0.21388888888888888
11 0.20208333333333334 0.3972222222222222 0.17083333333333334 0.4546296296296296
