17 0.265625 0.3416666666666667 0.07395833333333333 0.16574074074074074
7 0.265625 0.43148148148148147 0.071875 0.1425925925925926
18 0.371875 0.4027777777777778 0.08958333333333333 0.14722222222222223
17 0.3104166666666667 0.6037037037037037 0.07135416666666666 0.09537037037037037
9 0.3 0.041435185185185186 0.06875 0.08287037037037037
0 0.3703125 0.36018518518518516 0.08854166666666667 0.17407407407407408
11 0.6026041666666667 0.6092592592592593 0.1390625 0.425
11 0.3234375 0.2916666666666667 0.15416666666666667 0.5083333333333333
8 0.24635416666666668 0.5444444444444444 0.12447916666666667 0.19907407407407407
15 0.026041666666666668 0.5064814814814815 0.052083333333333336 0.14722222222222223
