11 0.8333333333333334 0.5222222222222223 0.2609375 0.6842592592592592
6 0.8453125 0.2935185185185185 0.08489583333333334 0.19074074074074074
9 0.7260416666666667 0.7018518518518518 0.0984375 0.1675925925925926
19 0.5760416666666667 0.5675925925925925 0.08229166666666667 0.14444444444444443
1 0.31145833333333334 0.5314814814814814 0.09375 0.11944444444444445
11 0.5463541666666667 0.5018518518518519 0.16458333333333333 0.4388888888888889
0 0.28177083333333336 0.15462962962962962 0.13697916666666668 0.25
0 0.17239583333333333 0.12407407407407407 0.058854166666666666 0.18611111111111112
11 0.5911458333333334 0.6759259259259259 0.16041666666666668 0.5324074074074074
14 0.7072916666666667 0.35 0.07083333333333333 0.1037037037037037
