1 0.171875 0.42777777777777776 0.14322916666666666 0.13055555555555556
2 0.08697916666666666 0.8229166666666667 0.1546875 0.35416666666666663
8 0.6765625 0.3111111111111111 0.06770833333333333 0.11018518518518519
15 0.4859375 0.2111111111111111 0.06302083333333333 0.08888888888888889
2 0.1515625 0.23217592592592592 0.1484375 0.46435185185185185
0 0.48541666666666666 0.20185185185185187 0.043229166666666666 0.16666666666666666
10 0.578125 0.26944444444444443 0.09635416666666667 0.14629629629629629
12 0.5166666666666667 0.4675925925925926 0.06979166666666667 0.10462962962962963
1 0.13229166666666667 0.5416666666666666 0.09739583333333333 0.21203703703703702
16 0.3645833333333333 0.30277777777777776 0.09010416666666667 0.1398148148148148
