16 0.26666666666666666 0.44074074074074077 0.0890625 0.19074074074074074
2 0.5838541666666667 0.5685185185185185 0.18125 0.6175925925925926
6 0.259375 0.06180555555555556 0.13697916666666668 0.12361111111111112
0 0.775 0.8111111111111111 0.096875 0.16574074074074074
4 0.10885416666666667 0.3824074074074074 0.08125 0.13148148148148148
0 0.42083333333333334 0.8379629629629629 0.0609375 0.15092592592592594
18 0.32395833333333335 0.27037037037037037 0.06197916666666667 0.12685185185185185
6 0.37916666666666665 0.512962962962963 0.11614583333333334 0.14722222222222223
6 0.36875 0.35185185185185186 0.06979166666666667 0.13240740740740742
2 0.16979166666666667 0.5953703703703703 0.20416666666666666 0.5231481481481481
17 0.45416666666666666 0.7888888888888889 0.09322916666666667 0.21574074074074073
