12 0.3265625 0.8379629629629629 0.10625 0.13055555555555556
2 0.771875 0.47962962962962963 0.171875 0.4546296296296296
1 0.04375 0.6 0.06614583333333333 0.11574074074074074
0 0.6385416666666667 0.6037037037037037 0.08020833333333334 0.2740740740740741
10 0.5723958333333333 0.3972222222222222 0.15052083333333333 0.25092592592592594
19 0.3333333333333333 0.3962962962962963 0.09479166666666666 0.1259259259259259
15 0.5807291666666666 0.3574074074074074 0.1125 0.17685185185185184
7 0.5067708333333333 0.6018518518518519 0.06302083333333333 0.10925925925925926
0 0.32708333333333334 0.13518518518518519 0.103125 0.2037037037037037
10 0.61875 0.39351851851851855 0.0703125 0.12314814814814815
18 0.34270833333333334 0.4935185185185185 0.053125 0.09537037037037037
