0 0.6401041666666667 0.9407407407407408 0.08489583333333334 0.11851851851851847
5 0.7036458333333333 0.2537037037037037 0.06979166666666667 0.1814814814814815
7 0.8395833333333333 0.48148148148148145 0.053125 0.11666666666666667
12 0.6916666666666667 0.2972222222222222 0.07135416666666666 0.12407407407407407
11 0.5432291666666667 0.7782407407407408 0.1515625 0.44351851851851853
19 0.9010416666666666 0.4740740740740741 0.13541666666666666 0.19722222222222222
0 0.19635416666666666 0.09027777777777778 0.05260416666666667 0.18055555555555555
16 0.7447916666666666 0.5277777777777778 0.065625 0.12777777777777777
8 0.6145833333333334 0.1388888888888889 0.08020833333333334 0.16296296296296298
13 0.6380208333333334 0.06018518518518518 0.06979166666666667 0.09351851851851851
