17 0.22604166666666667 0.5685185185185185 0.08697916666666666 0.15092592592592594
2 0.48125 0.6981481481481482 0.14791666666666667 0.44722222222222224
4 0.290625 0.7138888888888889 0.0953125 0.14074074074074075
8 0.39895833333333336 0.35185185185185186 0.09427083333333333 0.17222222222222222
2 0.9263020833333333 0.4527777777777778 0.14739583333333328 0.45092592592592595
0 0.08697916666666666 0.3277777777777778 0.08177083333333333 0.12314814814814815
1 0.35052083333333334 0.8138888888888889 0.14270833333333333 0.19074074074074074
14 0.3796875 0.46574074074074073 0.059895833333333336 0.16296296296296298
4 0.3265625 0.4425925925925926 0.08333333333333333 0.14166666666666666
2 0.5078125 0.8201388888888889 0.14270833333333333 0.3597222222222223
18 0.4161458333333333 0.7703703703703704 0.10104166666666667 0.14444444444444443
