0 0.17760416666666667 0.8518518518518519 0.09479166666666666 0.25833333333333336
1 0.9442708333333333 0.737037037037037 0.06822916666666666 0.14722222222222223
2 0.4578125 0.18981481481481483 0.1421875 0.37962962962962965
4 0.49166666666666664 0.44907407407407407 0.08020833333333334 0.14537037037037037
10 0.6619791666666667 0.475 0.04583333333333333 0.09259259259259259
16 0.5947916666666667 0.2861111111111111 0.0703125 0.15555555555555556
11 0.4625 0.42407407407407405 0.19791666666666666 0.48703703703703705
0 0.48802083333333335 0.45092592592592595 0.071875 0.21481481481481482
8 0.6703125 0.3787037037037037 0.06875 0.1175925925925926
17 0.4661458333333333 0.4425925925925926 0.1234375 0.16296296296296298
10 0.6182291666666667 0.8324074074074074 0.1171875 0.16574074074074074
11 0.6020833333333333 0.22152777777777777 0.225 0.44305555555555554
