9 0.5739583333333333 0.24166666666666667 0.1078125 0.1824074074074074
1 0.5510416666666667 0.6638888888888889 0.07760416666666667 0.1574074074074074
4 0.7651041666666667 0.23333333333333334 0.0890625 0.13518518518518519
6 0.5302083333333333 0.5712962962962963 0.1359375 0.275
0 0.39375 0.30833333333333335 0.12708333333333333 0.2675925925925926
6 0.6807291666666667 0.4675925925925926 0.06041666666666667 0.13240740740740742
1 0.64375 0.8416666666666667 0.14895833333333333 0.22962962962962963
11 0.8697916666666666 0.16342592592592592 0.14635416666666667 0.32685185185185184
11 0.3848958333333333 0.6175925925925926 0.16145833333333334 0.47962962962962963
17 0.5359375 0.4203703703703704 0.07135416666666666 0.17592592592592593
17 0.5713541666666667 0.5055555555555555 0.08958333333333333 0.16666666666666666
