14 0.3390625 0.6916666666666667 0.05260416666666667 0.07222222222222222
1 0.5692708333333333 0.28425925925925927 0.140625 0.13148148148148148
10 0.1859375 0.7305555555555555 0.08177083333333333 0.16203703703703703
10 0.4390625 0.6157407407407407 0.0875 0.18611111111111112
9 0.46510416666666665 0.29444444444444445 0.090625 0.13425925925925927
11 0.15260416666666668 0.22592592592592592 0.18958333333333333 0.45185185185185184
1 0.7578125 0.1425925925925926 0.12604166666666666 0.24444444444444444
18 0.3859375 0.6453703703703704 0.07552083333333333 0.11666666666666667
12 0.43697916666666664 0.4324074074074074 0.075 0.16944444444444445
10 0.30416666666666664 0.6296296296296297 0.06927083333333334 0.15833333333333333
