1 0.9559895833333334 0.22870370370370371 0.08802083333333333 0.13796296296296295
9 0.5828125 0.7342592592592593 0.096875 0.2111111111111111
1 0.019401041666666667 0.387037037037037 0.038802083333333334 0.09722222222222222
4 0.36666666666666664 0.4148148148148148 0.08125 0.18796296296296297
11 0.246875 0.7673611111111112 0.1875 0.4652777777777778
10 0.5291666666666667 0.21851851851851853 0.134375 0.22037037037037038
10 0.36354166666666665 0.3490740740740741 0.13645833333333332 0.18055555555555555
1 0.93125 0.7407407407407407 0.1359375 0.1425925925925926
18 0.5510416666666667 0.18425925925925926 0.10572916666666667 0.15092592592592594
9 0.7171875 0.6092592592592593 0.0640625 0.1111111111111111
12 0.6270833333333333 0.038425925925925926 0.09166666666666666 0.07685185185185185
