17 0.7026041666666667 0.6805555555555556 0.058854166666666666 0.1388888888888889
3 0.784375 0.33240740740740743 0.11875 0.18425925925925926
12 0.8296875 0.5351851851851852 0.04739583333333333 0.09351851851851851
0 0.9488281249999999 0.9266203703703704 0.10234375000000007 0.14675925925925926
16 0.6828125 0.44166666666666665 0.06197916666666667 0.10462962962962963
16 0.8921875 0.19444444444444445 0.109375 0.24444444444444444
11 0.3104166666666667 0.11481481481481481 0.14270833333333333 0.22962962962962963
9 0.9876302083333333 0.3962962962962963 0.02473958333333337 0.09814814814814815
11 0.20104166666666667 0.5101851851851852 0.17552083333333332 0.6027777777777777
2 0.7776041666666667 0.2310185185185185 0.21875 0.462037037037037
18 0.9595052083333333 0.19074074074074074 0.08098958333333339 0.13425925925925927
