2 0.29635416666666664 0.4351851851851852 0.14947916666666666 0.5805555555555556
7 0.6640625 0.38333333333333336 0.07916666666666666 0.19444444444444445
17 0.7619791666666667 0.3425925925925926 0.14895833333333333 0.20277777777777778
10 0.7223958333333333 0.42685185185185187 0.1203125 0.23333333333333334
0 0.4713541666666667 0.3138888888888889 0.10729166666666666 0.19074074074074074
0 0.44947916666666665 0.0587962962962963 0.06197916666666667 0.1175925925925926
0 0.9848958333333333 0.5092592592592593 0.030208333333333393 0.20925925925925926
13 0.5380208333333333 0.4898148148148148 0.10833333333333334 0.1712962962962963
13 0.6515625 0.9439814814814815 0.07135416666666666 0.11203703703703705
13 0.6442708333333333 0.7944444444444444 0.05520833333333333 0.08981481481481482
