10 0.8338541666666667 0.29907407407407405 0.10364583333333334 0.1685185185185185
19 0.6536458333333334 0.575 0.1234375 0.23796296296296296
2 0.053125 0.5324074074074074 0.10625 0.5518518518518518
13 0.5536458333333333 0.2861111111111111 0.11927083333333334 0.2212962962962963
11 0.47708333333333336 0.43425925925925923 0.15989583333333332 0.47129629629629627
11 0.115625 0.19375 0.2046875 0.3875
0 0.97734375 0.6574074074074074 0.04531249999999998 0.2324074074074074
13 0.6864583333333333 0.4222222222222222 0.06354166666666666 0.1287037037037037
14 0.6739583333333333 0.8009259259259259 0.0609375 0.06944444444444445
12 0.6875 0.34074074074074073 0.059895833333333336 0.1287037037037037
