11 0.38697916666666665 0.48333333333333334 0.21041666666666667 0.562037037037037
5 0.48072916666666665 0.6129629629629629 0.07604166666666666 0.09074074074074075
1 0.46927083333333336 0.32314814814814813 0.13333333333333333 0.18611111111111112
13 0.6338541666666667 0.4527777777777778 0.06041666666666667 0.08611111111111111
0 0.9498697916666666 0.29074074074074074 0.10026041666666674 0.275
0 0.9764322916666666 0.287962962962963 0.04713541666666676 0.1685185185185185
18 0.31979166666666664 0.22314814814814815 0.075 0.1361111111111111
3 0.4625 0.812037037037037 0.07239583333333334 0.18703703703703703
8 0.5296875 0.3037037037037037 0.1 0.16018518518518518
8 0.7015625 0.5212962962962963 0.084375 0.11666666666666667
