0 0.10885416666666667 0.15185185185185185 0.08489583333333334 0.1935185185185185
16 0.39947916666666666 0.5842592592592593 0.059375 0.1037037037037037
14 0.38125 0.38796296296296295 0.08333333333333333 0.13518518518518519
11 0.615625 0.230787037037037 0.17135416666666667 0.461574074074074
17 0.45260416666666664 0.9708333333333333 0.058854166666666666 0.05833333333333335
7 0.371875 0.7268518518518519 0.13802083333333334 0.1787037037037037
16 0.15989583333333332 0.6712962962962963 0.0640625 0.125
7 0.33489583333333334 0.6462962962962963 0.1421875 0.14814814814814814
14 0.28125 0.850925925925926 0.07760416666666667 0.11944444444444445
0 0.6125 0.25462962962962965 0.0515625 0.1824074074074074
2 0.05078125 0.21689814814814815 0.1015625 0.4337962962962963
0 0.19791666666666666 0.7212962962962963 0.1125 0.29074074074074074
