0 0.8864583333333333 0.9016203703703705 0.08802083333333334 0.1967592592592592
16 0.49114583333333334 0.08425925925925926 0.053125 0.1175925925925926
11 0.4630208333333333 0.8166666666666667 0.165625 0.3666666666666667
7 0.3489583333333333 0.18796296296296297 0.046875 0.09074074074074075
2 0.8270833333333333 0.4962962962962963 0.15 0.4101851851851852
3 0.41041666666666665 0.5583333333333333 0.04479166666666667 0.11574074074074074
0 0.9359375 0.42685185185185187 0.07708333333333334 0.1648148148148148
9 0.3625 0.10277777777777777 0.05260416666666667 0.09259259259259259
19 0.4630208333333333 0.34444444444444444 0.10625 0.21388888888888888
13 0.5739583333333333 0.09351851851851851 0.10625 0.18703703703703703
2 0.078125 0.39537037037037037 0.15520833333333334 0.4564814814814815
