0 0.49270833333333336 0.1425925925925926 0.08489583333333334 0.20092592592592592
12 0.7427083333333333 0.4064814814814815 0.09791666666666667 0.13796296296296295
0 0.8645833333333334 0.1824074074074074 0.11614583333333334 0.17777777777777778
4 0.6338541666666667 0.5814814814814815 0.0796875 0.1361111111111111
11 0.8901041666666667 0.6974537037037037 0.175 0.6050925925925925
4 0.6864583333333333 0.3851851851851852 0.058854166666666666 0.07592592592592592
17 0.5567708333333333 0.5583333333333333 0.046875 0.075
14 0.803125 0.5175925925925926 0.08541666666666667 0.15648148148148147
0 0.10572916666666667 0.7324074074074074 0.050520833333333334 0.2111111111111111
11 0.8192708333333333 0.5 0.16770833333333332 0.637962962962963
