11 0.16197916666666667 0.7462962962962963 0.14114583333333333 0.5074074074074073
11 0.13385416666666666 0.20555555555555555 0.178125 0.4111111111111111
6 0.5494791666666666 0.6314814814814815 0.10885416666666667 0.17222222222222222
12 0.48385416666666664 0.7231481481481481 0.0796875 0.13333333333333333
17 0.26614583333333336 0.2814814814814815 0.08072916666666667 0.12129629629629629
3 0.44947916666666665 0.812962962962963 0.0796875 0.11574074074074074
18 0.5010416666666667 0.7657407407407407 0.07291666666666667 0.15185185185185185
0 0.6645833333333333 0.08263888888888889 0.078125 0.16527777777777777
8 0.4375 0.5342592592592592 0.13020833333333334 0.16111111111111112
19 0.26197916666666665 0.4666666666666667 0.1578125 0.22962962962962963
11 0.21666666666666667 0.7326388888888888 0.2109375 0.5347222222222223
