9 0.015104166666666667 0.5342592592592592 0.030208333333333334 0.08981481481481482
7 0.28541666666666665 0.7537037037037037 0.06614583333333333 0.12037037037037036
6 0.19479166666666667 0.6574074074074074 0.1140625 0.12685185185185185
1 0.5026041666666666 0.5944444444444444 0.11510416666666666 0.15462962962962962
2 0.40729166666666666 0.2016203703703704 0.13385416666666666 0.4032407407407408
1 0.4744791666666667 0.6027777777777777 0.10520833333333333 0.16574074074074074
14 0.027083333333333334 0.8398148148148148 0.05416666666666667 0.16666666666666666
0 0.9639322916666666 0.6444444444444445 0.07213541666666667 0.2074074074074074
15 0.2520833333333333 0.7351851851851852 0.090625 0.17407407407407408
14 0.25052083333333336 0.2814814814814815 0.08697916666666666 0.15833333333333333
18 0.4197916666666667 0.5879629629629629 0.09635416666666667 0.1527777777777778
