11 0.4510416666666667 0.8280092592592593 0.1765625 0.34398148148148144
10 0.43645833333333334 0.7157407407407408 0.08385416666666666 0.13055555555555556
6 0.7 0.7398148148148148 0.09947916666666666 0.15462962962962962
16 0.85 0.7416666666666667 0.057291666666666664 0.10740740740740741
13 0.771875 0.5296296296296297 0.1140625 0.18518518518518517
10 0.7911458333333333 0.5435185185185185 0.08177083333333333 0.1398148148148148
11 0.9260416666666667 0.20254629629629628 0.14791666666666659 0.40509259259259256
19 0.54375 0.5509259259259259 0.13489583333333333 0.2
0 0.31302083333333336 0.5805555555555556 0.12604166666666666 0.2796296296296296
2 0.36354166666666665 0.6925925925925925 0.17552083333333332 0.44814814814814813
