0 0.48333333333333334 0.7462962962962963 0.09427083333333333 0.21388888888888888
5 0.7578125 0.6092592592592593 0.06979166666666667 0.12685185185185185
2 0.9476562500000001 0.5425925925925926 0.10468749999999993 0.6129629629629629
7 0.9510416666666667 0.5259259259259259 0.05 0.11944444444444445
13 0.7859375 0.262037037037037 0.06302083333333333 0.0962962962962963
15 0.8869791666666667 0.6101851851851852 0.10416666666666667 0.16574074074074074
14 0.6598958333333333 0.4703703703703704 0.049479166666666664 0.11574074074074074
9 0.7473958333333334 0.8981481481481481 0.07083333333333333 0.16296296296296298
1 0.08854166666666667 0.9277777777777778 0.134375 0.1444444444444445
3 0.66875 0.5425925925925926 0.11875 0.1425925925925926
