4 0.1984375 0.3472222222222222 0.06875 0.08703703703703704
5 0.39947916666666666 0.18333333333333332 0.05260416666666667 0.10648148148148148
16 0.5817708333333333 0.38796296296296295 0.059895833333333336 0.10277777777777777
7 0.4473958333333333 0.2935185185185185 0.08489583333333334 0.1574074074074074
0 0.2765625 0.41574074074074074 0.05260416666666667 0.1935185185185185
12 0.2921875 0.5388888888888889 0.0828125 0.1648148148148148
4 0.3338541666666667 0.22870370370370371 0.07395833333333333 0.09351851851851851
0 0.14583333333333334 0.9148148148148149 0.05520833333333333 0.17037037037037028
0 0.59375 0.33425925925925926 0.07604166666666666 0.1814814814814815
10 0.4088541666666667 0.5425925925925926 0.07916666666666666 0.1398148148148148
