7 0.44166666666666665 0.8638888888888889 0.12604166666666666 0.25092592592592594
11 0.05234375 0.4009259259259259 0.1046875 0.5194444444444445
0 0.4588541666666667 0.6814814814814815 0.07239583333333334 0.22592592592592592
6 0.6869791666666667 0.4 0.10052083333333334 0.17685185185185184
13 0.40260416666666665 0.7333333333333333 0.11770833333333333 0.2212962962962963
3 0.484375 0.6324074074074074 0.07083333333333333 0.16666666666666666
0 0.1234375 0.37592592592592594 0.07239583333333334 0.20833333333333334
11 0.6963541666666667 0.5175925925925926 0.15625 0.44537037037037036
5 0.503125 0.475 0.058333333333333334 0.08703703703703704
14 0.43385416666666665 0.7870370370370371 0.09114583333333333 0.18981481481481483
16 0.4609375 0.7175925925925926 0.08333333333333333 0.18333333333333332
