2 0.359375 0.8497685185185185 0.13697916666666668 0.30046296296296293
15 0.6390625 0.6407407407407407 0.14322916666666666 0.28425925925925927
5 0.4630208333333333 0.8444444444444444 0.09739583333333333 0.18333333333333332
0 0.19791666666666666 0.1574074074074074 0.09322916666666667 0.13055555555555556
2 0.5317708333333333 0.8141203703703703 0.15104166666666666 0.37175925925925934
9 0.7552083333333334 0.4388888888888889 0.07083333333333333 0.15092592592592594
4 0.2864583333333333 0.8379629629629629 0.07552083333333333 0.11574074074074074
11 0.6328125 0.30092592592592593 0.171875 0.4981481481481482
3 0.4739583333333333 0.9502314814814814 0.09010416666666667 0.09953703703703709
10 0.5505208333333333 0.8555555555555555 0.09427083333333333 0.16296296296296298
1 0.9575520833333333 0.8944444444444445 0.08489583333333328 0.175
