2 0.5614583333333333 0.19004629629629627 0.19427083333333334 0.38009259259259254
18 0.17447916666666666 0.938425925925926 0.09427083333333333 0.12314814814814812
0 0.30104166666666665 0.37037037037037035 0.043229166666666666 0.16296296296296298
0 0.75625 0.20092592592592592 0.14583333333333334 0.24074074074074073
13 0.3880208333333333 0.30648148148148147 0.06302083333333333 0.09722222222222222
5 0.4 0.6638888888888889 0.057291666666666664 0.15555555555555556
19 0.3328125 0.23425925925925925 0.10677083333333333 0.1712962962962963
6 0.3260416666666667 0.6712962962962963 0.053125 0.12685185185185185
10 0.30833333333333335 0.8027777777777778 0.10729166666666666 0.13796296296296295
1 0.41875 0.775 0.13125 0.1287037037037037
2 0.5375 0.8173611111111111 0.16666666666666666 0.3652777777777778
4 0.36041666666666666 0.6342592592592593 0.06354166666666666 0.08333333333333333
