0 0.2375 0.8611111111111112 0.10885416666666667 0.27037037037037037
17 0.2708333333333333 0.9340277777777778 0.09270833333333334 0.13194444444444442
5 0.6421875 0.7777777777777778 0.041666666666666664 0.14166666666666666
14 0.6026041666666667 0.6694444444444444 0.059895833333333336 0.09351851851851851
19 0.5828125 0.8009259259259259 0.10208333333333333 0.16203703703703703
2 0.303125 0.8525462962962963 0.1640625 0.2949074074074074
13 0.4010416666666667 0.7675925925925926 0.07864583333333333 0.1361111111111111
0 0.5989583333333334 0.5712962962962963 0.09479166666666666 0.17407407407407408
5 0.6192708333333333 0.7916666666666666 0.05677083333333333 0.09537037037037037
0 0.9641927083333333 0.9476851851851852 0.07161458333333337 0.10462962962962963
10 0.5192708333333333 0.5388888888888889 0.059375 0.10833333333333334
2 0.46875 0.337037037037037 0.18020833333333333 0.5157407407407407
