15 0.23854166666666668 0.687962962962963 0.10833333333333334 0.1675925925925926
13 0.37083333333333335 0.6851851851851852 0.11875 0.23333333333333334
16 0.3692708333333333 0.8694444444444445 0.08125 0.1425925925925926
7 0.584375 0.5648148148148148 0.06145833333333333 0.10555555555555556
0 0.565625 0.687037037037037 0.0609375 0.23796296296296296
17 0.24635416666666668 0.4398148148148148 0.1203125 0.1814814814814815
2 0.5057291666666667 0.7101851851851851 0.1671875 0.5
8 0.33541666666666664 0.5824074074074074 0.06770833333333333 0.11481481481481481
0 0.19895833333333332 0.5648148148148148 0.1046875 0.21944444444444444
1 0.8161458333333333 0.4305555555555556 0.12864583333333332 0.12685185185185185
11 0.34270833333333334 0.8189814814814815 0.16770833333333332 0.36203703703703694
