10 0.5807291666666666 0.46296296296296297 0.17552083333333332 0.25833333333333336
0 0.9690104166666667 0.862037037037037 0.061979166666666585 0.2518518518518518
0 0.4395833333333333 0.09907407407407408 0.09739583333333333 0.19814814814814816
0 0.5567708333333333 0.32685185185185184 0.10208333333333333 0.26944444444444443
15 0.49166666666666664 0.35 0.07083333333333333 0.14444444444444443
2 0.19166666666666668 0.4962962962962963 0.196875 0.49907407407407406
9 0.6458333333333334 0.49537037037037035 0.05677083333333333 0.11388888888888889
6 0.81875 0.38981481481481484 0.11666666666666667 0.1814814814814815
12 0.6447916666666667 0.3648148148148148 0.075 0.14444444444444443
16 0.725 0.712037037037037 0.05520833333333333 0.1361111111111111
