8 0.4510416666666667 0.6611111111111111 0.10364583333333334 0.1259259259259259
16 0.5213541666666667 0.48055555555555557 0.06666666666666667 0.16018518518518518
4 0.6239583333333333 0.7925925925925926 0.08958333333333333 0.1175925925925926
0 0.271875 0.5981481481481481 0.121875 0.21481481481481482
2 0.3067708333333333 0.21944444444444444 0.17135416666666667 0.4388888888888889
5 0.45625 0.5268518518518519 0.06197916666666667 0.08981481481481482
2 0.5958333333333333 0.8043981481481481 0.140625 0.3912037037037037
4 0.5458333333333333 0.04236111111111111 0.06770833333333333 0.08472222222222223
13 0.42239583333333336 0.7064814814814815 0.0953125 0.13148148148148148
11 0.671875 0.774074074074074 0.12604166666666666 0.38796296296296295
