19 0.8572916666666667 0.7972222222222223 0.0765625 0.14907407407407408
11 0.04895833333333333 0.2898148148148148 0.09791666666666667 0.5055555555555555
0 0.6270833333333333 0.10462962962962963 0.05677083333333333 0.2037037037037037
8 0.9197916666666667 0.837037037037037 0.09114583333333333 0.17222222222222222
0 0.865625 0.7074074074074074 0.0609375 0.20555555555555555
1 0.33958333333333335 0.34629629629629627 0.12708333333333333 0.17962962962962964
10 0.703125 0.13148148148148148 0.15677083333333333 0.225
16 0.734375 0.25462962962962965 0.06302083333333333 0.12777777777777777
12 0.7177083333333333 0.20555555555555555 0.1 0.12685185185185185
7 0.9026041666666667 0.7490740740740741 0.09010416666666667 0.13425925925925927
2 0.7145833333333333 0.4583333333333333 0.15885416666666666 0.6157407407407407
11 0.4552083333333333 0.5166666666666667 0.15104166666666666 0.4546296296296296
