9 0.3151041666666667 0.4324074074074074 0.0859375 0.15462962962962962
15 0.1921875 0.8018518518518518 0.10208333333333333 0.12685185185185185
0 0.5296875 0.057638888888888885 0.10416666666666667 0.11527777777777777
0 0.6484375 0.275 0.09375 0.1712962962962963
2 0.2953125 0.5287037037037037 0.23697916666666666 0.6972222222222222
7 0.23802083333333332 0.5740740740740741 0.10572916666666667 0.17037037037037037
5 0.3046875 0.837037037037037 0.06145833333333333 0.08981481481481482
8 0.23802083333333332 0.42592592592592593 0.0828125 0.11018518518518519
2 0.18541666666666667 0.6611111111111111 0.16041666666666668 0.6046296296296296
0 0.28489583333333335 0.8925925925925926 0.04479166666666667 0.19444444444444445
14 0.2203125 0.49722222222222223 0.07395833333333333 0.14537037037037037
5 0.4114583333333333 0.1685185185185185 0.06822916666666666 0.17222222222222222
