0 0.0453125 0.737037037037037 0.09010416666666667 0.17037037037037037
9 0.33958333333333335 0.6898148148148148 0.08125 0.12037037037037036
0 0.7119791666666667 0.325 0.06875 0.23796296296296296
16 0.43697916666666664 0.6472222222222223 0.07291666666666667 0.17592592592592593
5 0.43854166666666666 0.5592592592592592 0.09322916666666667 0.14907407407407408
0 0.32916666666666666 0.11990740740740741 0.13802083333333334 0.23981481481481481
12 0.271875 0.33055555555555555 0.06145833333333333 0.14537037037037037
18 0.453125 0.6898148148148148 0.09739583333333333 0.12962962962962962
14 0.45989583333333334 0.3648148148148148 0.07916666666666666 0.12685185185185185
9 0.6109375 0.8574074074074074 0.05520833333333333 0.11944444444444445
