6 0.3072916666666667 0.5537037037037037 0.1484375 0.20092592592592592
12 0.4171875 0.49722222222222223 0.06197916666666667 0.17685185185185184
11 0.5489583333333333 0.1877314814814815 0.12916666666666668 0.375462962962963
0 0.6567708333333333 0.33611111111111114 0.075 0.1824074074074074
15 0.2734375 0.512962962962963 0.052083333333333336 0.0824074074074074
11 0.7317708333333334 0.8328703703703704 0.209375 0.33425925925925926
6 0.17395833333333333 0.9601851851851853 0.10572916666666667 0.0796296296296296
2 0.22135416666666666 0.575925925925926 0.19479166666666667 0.6111111111111112
10 0.3578125 0.32407407407407407 0.13958333333333334 0.22870370370370371
12 0.228125 0.7138888888888889 0.08125 0.12407407407407407
