2 0.859375 0.19583333333333333 0.15885416666666666 0.39166666666666666
6 0.5260416666666666 0.6351851851851852 0.1203125 0.14907407407407408
18 0.39739583333333334 0.7027777777777777 0.08645833333333333 0.14907407407407408
0 0.4557291666666667 0.5787037037037037 0.07604166666666666 0.2814814814814815
1 0.3390625 0.3648148148148148 0.0734375 0.17222222222222222
15 0.46979166666666666 0.6851851851851852 0.06875 0.12037037037037036
15 0.41302083333333334 0.5259259259259259 0.10833333333333334 0.16296296296296298
2 0.48854166666666665 0.17916666666666667 0.16197916666666667 0.35833333333333334
7 0.640625 0.5351851851851852 0.059895833333333336 0.10185185185185185
8 0.3333333333333333 0.4685185185185185 0.0671875 0.09722222222222222
11 0.75625 0.6935185185185185 0.1796875 0.5546296296296296
