11 0.39010416666666664 0.7854166666666667 0.1625 0.4291666666666667
2 0.8536458333333333 0.5833333333333334 0.16979166666666667 0.4212962962962963
0 0.8317708333333333 0.8111111111111111 0.0765625 0.2101851851851852
5 0.5005208333333333 0.8740740740740741 0.06302083333333333 0.16666666666666666
6 0.4947916666666667 0.6611111111111111 0.08125 0.13148148148148148
10 0.6223958333333334 0.8722222222222222 0.1203125 0.20462962962962963
0 0.225 0.9268518518518518 0.0515625 0.14629629629629637
13 0.4635416666666667 0.42962962962962964 0.090625 0.11851851851851852
11 0.63125 0.5740740740740741 0.18489583333333334 0.5898148148148148
9 0.39427083333333335 0.8046296296296296 0.11666666666666667 0.17962962962962964
0 0.6354166666666666 0.22037037037037038 0.09479166666666666 0.1814814814814815
