8 0.4859375 0.4740740740740741 0.12708333333333333 0.17314814814814813
0 0.98046875 0.32685185185185184 0.0390625 0.22592592592592592
14 0.65 0.924537037037037 0.07135416666666666 0.1509259259259259
0 0.6197916666666666 0.8277777777777777 0.06875 0.27870370370370373
2 0.4421875 0.32314814814814813 0.1890625 0.6231481481481481
17 0.665625 0.5277777777777778 0.13020833333333334 0.23796296296296296
16 0.5234375 0.7916666666666666 0.0828125 0.09907407407407408
6 0.6494791666666667 0.4777777777777778 0.08958333333333333 0.17685185185185184
11 0.725 0.8300925925925926 0.15885416666666666 0.3398148148148148
11 0.052473958333333334 0.32685185185185184 0.10494791666666667 0.5666666666666667
6 0.5322916666666667 0.43796296296296294 0.1171875 0.22685185185185186
0 0.034375 0.8701388888888889 0.06875 0.2597222222222222
