9 0.36302083333333335 0.8101851851851852 0.07552083333333333 0.1361111111111111
7 0.36666666666666664 0.35648148148148145 0.08229166666666667 0.16018518518518518
4 0.24739583333333334 0.3638888888888889 0.10052083333333334 0.16018518518518518
0 0.027994791666666668 0.6925925925925925 0.055989583333333336 0.20833333333333334
2 0.15416666666666667 0.12337962962962963 0.1703125 0.24675925925925926
3 0.49270833333333336 0.5675925925925925 0.059375 0.11018518518518519
2 0.9524739583333333 0.6851851851851852 0.09505208333333337 0.6222222222222222
9 0.53125 0.6907407407407408 0.1015625 0.16296296296296298
13 0.41458333333333336 0.3490740740740741 0.09270833333333334 0.18703703703703703
4 0.38645833333333335 0.6703703703703704 0.08802083333333334 0.1527777777777778
