0 0.31302083333333336 0.9046296296296297 0.07552083333333333 0.19074074074074077
2 0.4125 0.8668981481481481 0.15104166666666666 0.2662037037037037
13 0.7973958333333333 0.40925925925925927 0.0828125 0.12962962962962962
1 0.9276041666666667 0.9627314814814815 0.05677083333333333 0.07453703703703707
7 0.684375 0.8148148148148148 0.06197916666666667 0.14722222222222223
2 0.5036458333333333 0.7530092592592592 0.18802083333333333 0.49398148148148147
12 0.575 0.8629629629629629 0.08020833333333334 0.0962962962962963
6 0.75625 0.43796296296296294 0.10833333333333334 0.15185185185185185
12 0.7395833333333334 0.3888888888888889 0.10520833333333333 0.19074074074074074
2 0.9296875 0.8520833333333333 0.140625 0.2958333333333333
0 0.03216145833333334 0.9384259259259259 0.06432291666666667 0.12314814814814823
6 0.6369791666666667 0.5287037037037037 0.096875 0.1935185185185185
8 0.5901041666666667 0.33425925925925926 0.09427083333333333 0.17962962962962964
