0 0.8104166666666667 0.09305555555555556 0.09114583333333333 0.18611111111111112
2 0.059895833333333336 0.44074074074074077 0.11979166666666667 0.4185185185185185
7 0.6760416666666667 0.31574074074074077 0.11614583333333334 0.20925925925925926
14 0.6265625 0.8601851851851852 0.05416666666666667 0.12685185185185185
1 0.31145833333333334 0.4351851851851852 0.10677083333333333 0.1287037037037037
16 0.8505208333333333 0.49537037037037035 0.07708333333333334 0.10648148148148148
11 0.42135416666666664 0.8409722222222222 0.171875 0.31805555555555554
17 0.7848958333333333 0.20462962962962963 0.08177083333333333 0.15
15 0.8682291666666667 0.37407407407407406 0.128125 0.21666666666666667
6 0.659375 0.6185185185185185 0.12604166666666666 0.1287037037037037
14 0.440625 0.5824074074074074 0.08541666666666667 0.19907407407407407
