2 0.6994791666666667 0.6425925925925926 0.15625 0.5935185185185186
9 0.35052083333333334 0.7 0.1 0.16666666666666666
9 0.328125 0.21944444444444444 0.05520833333333333 0.09814814814814815
13 0.18802083333333333 0.35185185185185186 0.08229166666666667 0.12314814814814815
11 0.08020833333333333 0.8314814814814815 0.16041666666666665 0.337037037037037
16 0.14166666666666666 0.2361111111111111 0.0625 0.09907407407407408
1 0.4166666666666667 0.8398148148148148 0.059375 0.12777777777777777
6 0.12135416666666667 0.5638888888888889 0.14479166666666668 0.2111111111111111
17 0.37552083333333336 0.3851851851851852 0.044270833333333336 0.08425925925925926
1 0.062890625 0.6796296296296296 0.12578125 0.225
16 0.15625 0.5879629629629629 0.07083333333333333 0.13148148148148148
11 0.05950520833333334 0.8092592592592593 0.11901041666666667 0.3814814814814814
