5 0.3260416666666667 0.6592592592592592 0.08333333333333333 0.09907407407407408
2 0.9200520833333333 0.8104166666666667 0.15989583333333335 0.37916666666666665
6 0.359375 0.175 0.0953125 0.1814814814814815
13 0.3697916666666667 0.7055555555555556 0.06770833333333333 0.09166666666666666
18 0.5755208333333334 0.9421296296296297 0.09166666666666666 0.1157407407407407
2 0.7703125 0.46296296296296297 0.21197916666666666 0.6398148148148148
14 0.6354166666666666 0.6185185185185185 0.06302083333333333 0.08888888888888889
6 0.46927083333333336 0.32685185185185184 0.15520833333333334 0.21944444444444444
2 0.8098958333333334 0.8064814814814815 0.21041666666666667 0.38703703703703707
9 0.4203125 0.6675925925925926 0.0515625 0.08796296296296297
0 0.3765625 0.5185185185185185 0.090625 0.23055555555555557
0 0.496875 0.33796296296296297 0.0640625 0.2490740740740741
