8 0.47760416666666666 0.5777777777777777 0.11302083333333333 0.1388888888888889
0 0.28229166666666666 0.7379629629629629 0.159375 0.16018518518518518
2 0.1109375 0.5518518518518518 0.18333333333333332 0.47129629629629627
11 0.9182291666666667 0.14537037037037037 0.1635416666666667 0.29074074074074074
4 0.4515625 0.549074074074074 0.103125 0.1287037037037037
11 0.4166666666666667 0.7157407407407408 0.16302083333333334 0.5601851851851852
4 0.5895833333333333 0.34814814814814815 0.10885416666666667 0.1712962962962963
3 0.528125 0.4074074074074074 0.0453125 0.11574074074074074
0 0.08645833333333333 0.930787037037037 0.08020833333333334 0.13842592592592584
17 0.6140625 0.5537037037037037 0.09479166666666666 0.1388888888888889
