16 0.6557291666666667 0.25555555555555554 0.09166666666666666 0.15462962962962962
11 0.8864583333333333 0.6527777777777778 0.15364583333333334 0.44537037037037036
0 0.36770833333333336 0.5370370370370371 0.09270833333333334 0.1648148148148148
2 0.05611979166666667 0.8409722222222222 0.11223958333333334 0.31805555555555554
16 0.7270833333333333 0.637962962962963 0.08072916666666667 0.11851851851851852
2 0.41354166666666664 0.5518518518518518 0.15260416666666668 0.46574074074074073
7 0.8046875 0.5694444444444444 0.07239583333333334 0.18333333333333332
6 0.6739583333333333 0.5962962962962963 0.0921875 0.10277777777777777
9 0.6682291666666667 0.5305555555555556 0.08229166666666667 0.1527777777777778
6 0.421875 0.11296296296296296 0.08645833333333333 0.0824074074074074
6 0.7208333333333333 0.0763888888888889 0.11041666666666666 0.1527777777777778
