18 0.6411458333333333 0.4898148148148148 0.08802083333333334 0.17314814814814813
13 0.49947916666666664 0.20925925925925926 0.06614583333333333 0.10555555555555556
11 0.5765625 0.3990740740740741 0.2015625 0.4842592592592593
15 0.5984375 0.625 0.059895833333333336 0.10185185185185185
7 0.4859375 0.19166666666666668 0.103125 0.13148148148148148
6 0.6755208333333333 0.03634259259259259 0.0984375 0.07268518518518519
14 0.4635416666666667 0.4444444444444444 0.109375 0.21851851851851853
11 0.9515625000000001 0.5527777777777778 0.09687499999999993 0.43148148148148147
0 0.6286458333333333 0.8611111111111112 0.096875 0.24166666666666667
11 0.55 0.7752314814814815 0.18125 0.44953703703703707
18 0.4640625 0.44722222222222224 0.044270833333333336 0.09444444444444444
