0 0.3265625 0.4564814814814815 0.11354166666666667 0.2712962962962963
2 0.06822916666666667 0.24768518518518517 0.13645833333333335 0.49537037037037035
17 0.18541666666666667 0.7425925925925926 0.0859375 0.14166666666666666
10 0.12291666666666666 0.44074074074074077 0.125 0.25462962962962965
4 0.21979166666666666 0.387037037037037 0.10260416666666666 0.13518518518518519
4 0.21510416666666668 0.562037037037037 0.09635416666666667 0.14537037037037037
0 0.4473958333333333 0.5555555555555556 0.05677083333333333 0.14537037037037037
2 0.13333333333333333 0.7037037037037037 0.14791666666666667 0.4425925925925926
5 0.34739583333333335 0.20185185185185187 0.078125 0.18333333333333332
2 0.3494791666666667 0.33425925925925926 0.13697916666666668 0.49907407407407406
16 0.0828125 0.23425925925925925 0.09635416666666667 0.17777777777777778
