18 0.34479166666666666 0.7416666666666667 0.06145833333333333 0.10740740740740741
1 0.4583333333333333 0.6907407407407408 0.10833333333333334 0.1675925925925926
6 0.3296875 0.4925925925925926 0.09270833333333334 0.18425925925925926
11 0.04700520833333333 0.35 0.09401041666666667 0.4212962962962963
19 0.446875 0.3509259259259259 0.09114583333333333 0.13518518518518519
3 0.4895833333333333 0.4842592592592593 0.0859375 0.12314814814814815
4 0.5973958333333333 0.6259259259259259 0.1015625 0.2
0 0.29322916666666665 0.2518518518518518 0.05625 0.2074074074074074
9 0.6666666666666666 0.7074074074074074 0.06822916666666666 0.11203703703703703
0 0.203125 0.562962962962963 0.11197916666666667 0.25277777777777777
