2 0.7291666666666666 0.22499999999999998 0.171875 0.44999999999999996
15 0.8307291666666666 0.3212962962962963 0.14739583333333334 0.1638888888888889
2 0.8171875 0.30185185185185187 0.2109375 0.5259259259259259
14 0.6208333333333333 0.42777777777777776 0.09635416666666667 0.17592592592592593
7 0.7963541666666667 0.612037037037037 0.0984375 0.11018518518518519
15 0.6708333333333333 0.6129629629629629 0.13229166666666667 0.2064814814814815
0 0.7609375 0.10092592592592592 0.13802083333333334 0.20185185185185184
16 0.7552083333333334 0.08796296296296297 0.0671875 0.12129629629629629
11 0.578125 0.8618055555555555 0.17135416666666667 0.2763888888888889
13 0.6640625 0.27037037037037037 0.07239583333333334 0.14166666666666666
8 0.4119791666666667 0.050694444444444445 0.12395833333333334 0.10138888888888889
