12 0.4578125 0.45 0.040625 0.08981481481481482
8 0.28854166666666664 0.6361111111111111 0.052083333333333336 0.07592592592592592
17 0.3260416666666667 0.038425925925925926 0.0796875 0.07685185185185185
2 0.16197916666666667 0.8342592592592593 0.1671875 0.3314814814814815
0 0.2953125 0.75 0.09791666666666667 0.23055555555555557
5 0.44375 0.38981481481481484 0.10052083333333334 0.16574074074074074
12 0.39114583333333336 0.9395833333333333 0.10729166666666666 0.12083333333333335
15 0.3890625 0.8064814814814815 0.08489583333333334 0.14444444444444443
3 0.3380208333333333 0.4527777777777778 0.0796875 0.10462962962962963
2 0.7817708333333333 0.8601851851851852 0.13802083333333334 0.2796296296296297
