8 0.31354166666666666 0.4 0.058854166666666666 0.11481481481481481
14 0.6458333333333334 0.30277777777777776 0.058854166666666666 0.15555555555555556
19 0.5453125 0.5592592592592592 0.10052083333333334 0.22314814814814815
16 0.515625 0.44722222222222224 0.08697916666666666 0.125
3 0.6765625 0.512962962962963 0.07395833333333333 0.1527777777777778
0 0.5598958333333334 0.7055555555555556 0.0890625 0.2675925925925926
0 0.2109375 0.4981481481481482 0.04479166666666667 0.18333333333333332
0 0.19739583333333333 0.8965277777777778 0.08854166666666667 0.2069444444444445
17 0.2708333333333333 0.4777777777777778 0.10208333333333333 0.14907407407407408
2 0.18541666666666667 0.47129629629629627 0.1703125 0.5518518518518518
