2 0.65625 0.6888888888888889 0.1828125 0.4305555555555556
2 0.4140625 0.7092592592592593 0.20625 0.47962962962962963
6 0.44166666666666665 0.3925925925925926 0.09322916666666667 0.1824074074074074
3 0.4625 0.4861111111111111 0.07239583333333334 0.1527777777777778
6 0.44479166666666664 0.6620370370370371 0.11875 0.15925925925925927
4 0.31197916666666664 0.5564814814814815 0.08385416666666666 0.1527777777777778
2 0.5807291666666666 0.8583333333333334 0.1515625 0.2833333333333333
0 0.309375 0.18055555555555555 0.13697916666666668 0.3537037037037037
0 0.1375 0.837037037037037 0.09739583333333333 0.17592592592592593
3 0.36822916666666666 0.19074074074074074 0.1140625 0.17592592592592593
0 0.9130208333333333 0.487962962962963 0.09791666666666667 0.18611111111111112
