11 0.9451822916666667 0.8340277777777778 0.10963541666666665 0.3319444444444444
8 0.5416666666666666 0.5648148148148148 0.11770833333333333 0.2101851851851852
1 0.3151041666666667 0.9377314814814814 0.0796875 0.124537037037037
0 0.2109375 0.7138888888888889 0.08333333333333333 0.262037037037037
11 0.44166666666666665 0.37407407407407406 0.20833333333333334 0.5879629629629629
16 0.7270833333333333 0.2388888888888889 0.075 0.10462962962962963
13 0.7380208333333333 0.5990740740740741 0.06302083333333333 0.07777777777777778
1 0.9104166666666667 0.7518518518518519 0.042708333333333334 0.07592592592592592
3 0.578125 0.4638888888888889 0.084375 0.17777777777777778
2 0.3546875 0.16342592592592592 0.1828125 0.32685185185185184
