3 0.23802083333333332 0.3962962962962963 0.06145833333333333 0.07777777777777778
5 0.32083333333333336 0.6444444444444445 0.06302083333333333 0.09537037037037037
4 0.48333333333333334 0.3314814814814815 0.1 0.13333333333333333
2 0.8213541666666667 0.6398148148148148 0.15260416666666668 0.5638888888888889
1 0.45625 0.32314814814814813 0.1125 0.1398148148148148
0 0.08854166666666667 0.07546296296296295 0.1625 0.1509259259259259
16 0.2916666666666667 0.05 0.052083333333333336 0.1
0 0.6244791666666667 0.5981481481481481 0.11041666666666666 0.16944444444444445
10 0.5645833333333333 0.21203703703703702 0.18958333333333333 0.3148148148148148
19 0.1578125 0.2962962962962963 0.08020833333333334 0.1527777777777778
