1 0.03125 0.6416666666666667 0.0625 0.18055555555555555
3 0.5869791666666667 0.6018518518518519 0.06041666666666667 0.1574074074074074
5 0.6942708333333333 0.5685185185185185 0.043229166666666666 0.07037037037037037
18 0.6364583333333333 0.5740740740740741 0.10260416666666666 0.16296296296296298
0 0.32083333333333336 0.6462962962962963 0.09010416666666667 0.21851851851851853
2 0.3875 0.7884259259259259 0.18697916666666667 0.4231481481481483
5 0.4244791666666667 0.4648148148148148 0.05260416666666667 0.09351851851851851
0 0.38229166666666664 0.4759259259259259 0.071875 0.2064814814814815
10 0.6755208333333333 0.5277777777777778 0.07135416666666666 0.1425925925925926
19 0.6364583333333333 0.3611111111111111 0.1140625 0.15925925925925927
8 0.3932291666666667 0.65 0.07395833333333333 0.15092592592592594
