2 0.8864583333333333 0.6592592592592592 0.18072916666666666 0.4703703703703704
0 0.5875 0.49537037037037035 0.07760416666666667 0.15833333333333333
2 0.3380208333333333 0.3287037037037037 0.1546875 0.5722222222222222
9 0.4473958333333333 0.4111111111111111 0.07760416666666667 0.14351851851851852
6 0.36822916666666666 0.34629629629629627 0.06927083333333334 0.09722222222222222
0 0.21927083333333333 0.7462962962962963 0.08697916666666666 0.30833333333333335
15 0.33489583333333334 0.2712962962962963 0.10833333333333334 0.21944444444444444
14 0.5369791666666667 0.05208333333333333 0.06822916666666666 0.10416666666666666
17 0.39010416666666664 0.040740740740740744 0.090625 0.08148148148148149
1 0.22083333333333333 0.5212962962962963 0.041666666666666664 0.13055555555555556
