12 0.3692708333333333 0.6648148148148149 0.08333333333333333 0.1287037037037037
11 0.2760416666666667 0.4361111111111111 0.16927083333333334 0.46296296296296297
2 0.3229166666666667 0.3333333333333333 0.134375 0.38796296296296295
0 0.5072916666666667 0.825 0.08854166666666667 0.2759259259259259
15 0.3072916666666667 0.1388888888888889 0.171875 0.20555555555555555
0 0.3067708333333333 0.8805555555555555 0.08385416666666666 0.1527777777777778
10 0.49322916666666666 0.49074074074074076 0.11614583333333334 0.22685185185185186
18 0.415625 0.6351851851851852 0.08333333333333333 0.1675925925925926
0 0.44114583333333335 0.8453703703703703 0.09114583333333333 0.18518518518518517
15 0.17239583333333333 0.7592592592592593 0.06927083333333334 0.14537037037037037
5 0.40677083333333336 0.5305555555555556 0.08385416666666666 0.11203703703703703
2 0.19375 0.2777777777777778 0.20104166666666667 0.5009259259259259
