0 0.6901041666666666 0.6759259259259259 0.1375 0.18518518518518517
9 0.26458333333333334 0.5425925925925926 0.08854166666666667 0.14166666666666666
19 0.36302083333333335 0.8166666666666667 0.12708333333333333 0.2657407407407407
18 0.33229166666666665 0.3435185185185185 0.06875 0.13055555555555556
0 0.953125 0.387037037037037 0.07135416666666666 0.1925925925925926
16 0.24947916666666667 0.19074074074074074 0.10052083333333334 0.1925925925925926
9 0.35989583333333336 0.5212962962962963 0.06510416666666667 0.08425925925925926
11 0.4078125 0.8474537037037038 0.17916666666666667 0.3050925925925926
2 0.09635416666666667 0.7854166666666667 0.15572916666666667 0.4291666666666667
11 0.640625 0.537962962962963 0.17239583333333333 0.45740740740740743
12 0.17135416666666667 0.362962962962963 0.0859375 0.10277777777777777
5 0.17708333333333334 0.47685185185185186 0.1078125 0.15092592592592594
