1 0.6098958333333333 0.034722222222222224 0.09947916666666666 0.06944444444444445
9 0.6828125 0.3398148148148148 0.075 0.09814814814814815
19 0.6348958333333333 0.5046296296296297 0.15520833333333334 0.22314814814814815
7 0.753125 0.5046296296296297 0.128125 0.21388888888888888
2 0.6203125 0.5824074074074074 0.15208333333333332 0.562962962962963
5 0.621875 0.2777777777777778 0.08229166666666667 0.12962962962962962
0 0.6385416666666667 0.34074074074074073 0.06927083333333334 0.19722222222222222
10 0.7880208333333333 0.31574074074074077 0.0859375 0.08333333333333333
12 0.6989583333333333 0.40370370370370373 0.05677083333333333 0.07314814814814814
10 0.6572916666666667 0.36666666666666664 0.14583333333333334 0.24259259259259258
2 0.6916666666666667 0.7541666666666667 0.12395833333333334 0.4916666666666667
