14 0.6083333333333333 0.42962962962962964 0.07395833333333333 0.11296296296296296
0 0.02096354166666667 0.5407407407407407 0.04192708333333334 0.23703703703703705
14 0.6098958333333333 0.7518518518518519 0.071875 0.07592592592592592
5 0.8723958333333334 0.5907407407407408 0.06041666666666667 0.14166666666666666
18 0.7494791666666667 0.8833333333333333 0.07916666666666666 0.1648148148148148
0 0.5765625 0.8212962962962963 0.1 0.16203703703703703
16 0.6755208333333333 0.6824074074074075 0.0875 0.10462962962962963
2 0.26614583333333336 0.6953703703703704 0.21354166666666666 0.5740740740740741
19 0.8114583333333333 0.4287037037037037 0.08645833333333333 0.1388888888888889
2 0.5197916666666667 0.33611111111111114 0.22916666666666666 0.5907407407407408
7 0.6848958333333334 0.7601851851851852 0.0890625 0.09907407407407408
