18 0.8046875 0.26296296296296295 0.07604166666666666 0.10833333333333334
11 0.525 0.45 0.16770833333333332 0.5648148148148148
12 0.953125 0.18796296296296297 0.0375 0.08425925925925926
0 0.8458333333333333 0.7018518518518518 0.03697916666666667 0.18703703703703703
18 0.9559895833333334 0.3037037037037037 0.08802083333333333 0.13518518518518519
0 0.184375 0.2064814814814815 0.05572916666666667 0.2388888888888889
6 0.8260416666666667 0.5648148148148148 0.12083333333333333 0.26296296296296295
12 0.7583333333333333 0.19166666666666668 0.07708333333333334 0.1537037037037037
2 0.6359375 0.7861111111111111 0.15729166666666666 0.4277777777777778
0 0.6635416666666667 0.9284722222222223 0.09479166666666666 0.1430555555555555
17 0.8317708333333333 0.6564814814814814 0.05364583333333333 0.1111111111111111
16 0.9192708333333334 0.5453703703703704 0.08489583333333334 0.14722222222222223
11 0.4375 0.16527777777777777 0.14427083333333332 0.33055555555555555
