16 0.22395833333333334 0.6898148148148148 0.06041666666666667 0.12222222222222222
11 0.23489583333333333 0.7983796296296296 0.15364583333333334 0.4032407407407408
18 0.109375 0.4583333333333333 0.084375 0.10740740740740741
11 0.75625 0.47685185185185186 0.1890625 0.5092592592592593
0 0.34322916666666664 0.14629629629629629 0.08333333333333333 0.24166666666666667
18 0.14947916666666666 0.662962962962963 0.084375 0.13796296296296295
0 0.9690104166666667 0.7472222222222222 0.061979166666666696 0.18611111111111112
3 0.315625 0.4648148148148148 0.07395833333333333 0.1675925925925926
2 0.4901041666666667 0.7240740740740741 0.21302083333333333 0.5324074074074074
12 0.3296875 0.6944444444444444 0.10885416666666667 0.15185185185185185
4 0.3109375 0.12314814814814815 0.0796875 0.13518518518518519
