6 0.6463541666666667 0.2564814814814815 0.09375 0.13148148148148148
0 0.7447916666666666 0.8203703703703704 0.090625 0.20277777777777778
9 0.5177083333333333 0.6583333333333333 0.06302083333333333 0.1
0 0.7510416666666667 0.28055555555555556 0.058333333333333334 0.22962962962962963
2 0.38645833333333335 0.6064814814814815 0.17395833333333333 0.6361111111111111
9 0.478125 0.30277777777777776 0.08645833333333333 0.1175925925925926
10 0.26666666666666666 0.5462962962962963 0.08385416666666666 0.1712962962962963
4 0.4796875 0.2657407407407407 0.09739583333333333 0.20555555555555555
3 0.3828125 0.030555555555555555 0.10625 0.06111111111111111
3 0.3958333333333333 0.31296296296296294 0.0984375 0.1398148148148148
