6 0.6046875 0.4305555555555556 0.1484375 0.19907407407407407
11 0.40572916666666664 0.5555555555555556 0.15520833333333334 0.4666666666666667
2 0.36822916666666666 0.18310185185185185 0.18229166666666666 0.3662037037037037
2 0.41822916666666665 0.8009259259259259 0.21197916666666666 0.39814814814814814
0 0.1796875 0.7361111111111112 0.1171875 0.30092592592592593
19 0.5375 0.7296296296296296 0.1296875 0.2175925925925926
3 0.5473958333333333 0.2361111111111111 0.07239583333333334 0.09259259259259259
3 0.578125 0.6916666666666667 0.059895833333333336 0.1398148148148148
10 0.640625 0.35 0.13958333333333334 0.16944444444444445
4 0.6828125 0.30185185185185187 0.07916666666666666 0.12407407407407407
