16 0.5229166666666667 0.41388888888888886 0.06510416666666667 0.1259259259259259
2 0.078515625 0.21828703703703706 0.15703125 0.4365740740740741
11 0.7817708333333333 0.3907407407407407 0.1828125 0.4638888888888889
17 0.6489583333333333 0.5361111111111111 0.065625 0.0787037037037037
7 0.7369791666666666 0.7222222222222222 0.05520833333333333 0.08518518518518518
19 0.746875 0.7435185185185185 0.07604166666666666 0.1287037037037037
9 0.6276041666666666 0.6370370370370371 0.09895833333333333 0.15
0 0.16822916666666668 0.5611111111111111 0.11875 0.20555555555555555
5 0.6161458333333333 0.39351851851851855 0.0671875 0.14629629629629629
11 0.334375 0.843287037037037 0.16197916666666667 0.313425925925926
6 0.7932291666666667 0.2675925925925926 0.11354166666666667 0.13796296296296295
