0 0.46145833333333336 0.31203703703703706 0.1 0.17222222222222222
15 0.7635416666666667 0.8064814814814815 0.08697916666666666 0.09814814814814815
6 0.6390625 0.5462962962962963 0.11041666666666666 0.2462962962962963
10 0.5958333333333333 0.17037037037037037 0.0859375 0.22314814814814815
13 0.6322916666666667 0.2675925925925926 0.050520833333333334 0.07407407407407407
6 0.6260416666666667 0.6212962962962963 0.10989583333333333 0.20185185185185187
19 0.5791666666666667 0.4324074074074074 0.07135416666666666 0.10462962962962963
0 0.18802083333333333 0.6925925925925925 0.16145833333333334 0.262037037037037
2 0.23333333333333334 0.7763888888888888 0.15572916666666667 0.4472222222222223
14 0.6135416666666667 0.6083333333333333 0.058333333333333334 0.13055555555555556
