11 0.734375 0.14375 0.13802083333333334 0.2875
3 0.2765625 0.3425925925925926 0.07447916666666667 0.1824074074074074
4 0.23645833333333333 0.5037037037037037 0.0796875 0.1574074074074074
9 0.1125 0.3453703703703704 0.06927083333333334 0.11388888888888889
1 0.03893229166666667 0.20277777777777778 0.07786458333333333 0.14907407407407408
5 0.21822916666666667 0.5166666666666667 0.0703125 0.1925925925925926
1 0.9506510416666667 0.2537037037037037 0.09869791666666661 0.1398148148148148
14 0.12760416666666666 0.5222222222222223 0.078125 0.11666666666666667
7 0.19635416666666666 0.5675925925925925 0.06354166666666666 0.08796296296296297
1 0.6682291666666667 0.44074074074074077 0.09791666666666667 0.1537037037037037
