2 0.3796875 0.34444444444444444 0.14635416666666667 0.4083333333333333
15 0.34427083333333336 0.6731481481481482 0.12916666666666668 0.22685185185185186
10 0.5234375 0.47314814814814815 0.11979166666666667 0.19537037037037036
0 0.3265625 0.29907407407407405 0.08489583333333334 0.15462962962962962
12 0.2171875 0.5435185185185185 0.0984375 0.18055555555555555
18 0.26458333333333334 0.38796296296296295 0.10104166666666667 0.17222222222222222
5 0.209375 0.4444444444444444 0.0703125 0.18981481481481483
11 0.5197916666666667 0.7886574074074074 0.16458333333333333 0.42268518518518516
10 0.40520833333333334 0.2601851851851852 0.08020833333333334 0.1537037037037037
0 0.4109375 0.0837962962962963 0.07395833333333333 0.1675925925925926
1 0.38177083333333334 0.6055555555555555 0.04583333333333333 0.08981481481481482
11 0.6130208333333333 0.2861111111111111 0.17552083333333332 0.5138888888888888
