10 0.7192708333333333 0.6324074074074074 0.11979166666666667 0.21203703703703702
0 0.13229166666666667 0.40555555555555556 0.09947916666666666 0.2638888888888889
14 0.6041666666666666 0.6370370370370371 0.11041666666666666 0.16111111111111112
0 0.4395833333333333 0.6574074074074074 0.09583333333333334 0.20277777777777778
2 0.44479166666666664 0.8664351851851853 0.15625 0.2671296296296296
11 0.06002604166666667 0.8321759259259259 0.12005208333333334 0.33564814814814814
4 0.6265625 0.5268518518518519 0.11875 0.21203703703703702
10 0.6171875 0.37962962962962965 0.13958333333333334 0.21666666666666667
0 0.8890625 0.262037037037037 0.1 0.25925925925925924
9 0.6645833333333333 0.35 0.09166666666666666 0.15925925925925927
2 0.9473958333333333 0.4685185185185185 0.10520833333333335 0.6101851851851852
