4 0.42604166666666665 0.6833333333333333 0.052083333333333336 0.0712962962962963
0 0.078125 0.8675925925925926 0.0640625 0.17314814814814813
13 0.21979166666666666 0.5138888888888888 0.058854166666666666 0.10277777777777777
2 0.334375 0.5231481481481481 0.14895833333333333 0.42592592592592593
3 0.4703125 0.6592592592592592 0.10885416666666667 0.13425925925925927
0 0.1453125 0.23425925925925925 0.12239583333333333 0.2175925925925926
16 0.16666666666666666 0.49907407407407406 0.0984375 0.19722222222222222
0 0.9623697916666667 0.7509259259259259 0.07526041666666661 0.22037037037037038
4 0.36770833333333336 0.42314814814814816 0.071875 0.125
11 0.05533854166666667 0.4324074074074074 0.11067708333333334 0.5907407407407408
2 0.4703125 0.3287037037037037 0.17760416666666667 0.5101851851851852
