0 0.7588541666666667 0.8527777777777777 0.1 0.2388888888888889
10 0.45260416666666664 0.4185185185185185 0.08697916666666666 0.13333333333333333
6 0.7223958333333333 0.30925925925925923 0.053125 0.11388888888888889
10 0.5005208333333333 0.5148148148148148 0.16614583333333333 0.2611111111111111
10 0.5942708333333333 0.7324074074074074 0.14479166666666668 0.24074074074074073
0 0.26510416666666664 0.8435185185185186 0.1375 0.22685185185185186
1 0.8786458333333333 0.18518518518518517 0.10416666666666667 0.17037037037037037
7 0.7307291666666667 0.712037037037037 0.05260416666666667 0.0824074074074074
19 0.6473958333333333 0.4351851851851852 0.08072916666666667 0.17592592592592593
15 0.5875 0.6574074074074074 0.13020833333333334 0.2824074074074074
