9 0.6453125 0.49074074074074076 0.08802083333333334 0.13333333333333333
18 0.753125 0.6888888888888889 0.11458333333333333 0.15925925925925927
12 0.7197916666666667 0.3768518518518518 0.06302083333333333 0.08425925925925926
0 0.5854166666666667 0.43425925925925923 0.058854166666666666 0.2064814814814815
2 0.3703125 0.15578703703703703 0.16354166666666667 0.31157407407407406
16 0.8364583333333333 0.3175925925925926 0.07239583333333334 0.16296296296296298
4 0.6020833333333333 0.4287037037037037 0.06145833333333333 0.11851851851851852
2 0.6182291666666667 0.7335648148148148 0.17552083333333332 0.5328703703703703
2 0.590625 0.18773148148148147 0.15885416666666666 0.37546296296296294
4 0.3515625 0.2 0.0671875 0.09907407407407408
