0 0.6161458333333333 0.5148148148148148 0.1328125 0.22592592592592592
12 0.5166666666666667 0.9009259259259259 0.11979166666666667 0.1638888888888889
6 0.53125 0.7935185185185185 0.09895833333333333 0.20277777777777778
1 0.8130208333333333 0.8583333333333333 0.1125 0.15
3 0.41302083333333334 0.41388888888888886 0.06458333333333334 0.12407407407407407
13 0.7166666666666667 0.5518518518518518 0.1140625 0.175
11 0.353125 0.5259259259259259 0.13177083333333334 0.487962962962963
3 0.7083333333333334 0.8842592592592593 0.06875 0.12222222222222222
7 0.5348958333333333 0.5092592592592593 0.06927083333333334 0.13148148148148148
11 0.28854166666666664 0.5731481481481482 0.14270833333333333 0.4101851851851852
9 0.4942708333333333 0.7953703703703704 0.07916666666666666 0.1361111111111111
11 0.21510416666666668 0.487962962962963 0.20572916666666666 0.5657407407407408
