1 0.4984375 0.8601851851851852 0.1296875 0.17314814814814813
0 0.25729166666666664 0.3175925925925926 0.11197916666666667 0.20555555555555555
4 0.32864583333333336 0.6055555555555555 0.08333333333333333 0.1574074074074074
10 0.2947916666666667 0.7731481481481481 0.14479166666666668 0.18055555555555555
14 0.38229166666666664 0.6185185185185185 0.103125 0.125
3 0.3229166666666667 0.5537037037037037 0.090625 0.12962962962962962
5 0.33697916666666666 0.5074074074074074 0.0578125 0.1361111111111111
0 0.3125 0.8657407407407407 0.08958333333333333 0.1398148148148148
13 0.265625 0.7296296296296296 0.050520833333333334 0.1388888888888889
7 0.459375 0.3314814814814815 0.0625 0.12314814814814815
