0 0.11666666666666667 0.6046296296296296 0.10260416666666666 0.2518518518518518
0 0.765625 0.8074074074074075 0.050520833333333334 0.225
11 0.09583333333333334 0.35648148148148145 0.12552083333333333 0.3851851851851852
12 0.5734375 0.3638888888888889 0.11302083333333333 0.14166666666666666
11 0.04973958333333334 0.19699074074074074 0.09947916666666667 0.3939814814814815
0 0.6734375 0.8324074074074074 0.07447916666666667 0.19074074074074074
4 0.8354166666666667 0.5944444444444444 0.09270833333333334 0.19074074074074074
12 0.977734375 0.6444444444444445 0.04453125000000002 0.09074074074074075
14 0.7229166666666667 0.18796296296296297 0.0671875 0.10277777777777777
15 0.5661458333333333 0.4166666666666667 0.11302083333333333 0.18796296296296297
