0 0.7072916666666667 0.29259259259259257 0.090625 0.19814814814814816
12 0.44375 0.5518518518518518 0.0828125 0.11666666666666667
0 0.7848958333333333 0.462037037037037 0.1015625 0.18055555555555555
18 0.3885416666666667 0.6981481481481482 0.09479166666666666 0.13333333333333333
2 0.5098958333333333 0.6305555555555555 0.16770833333333332 0.5009259259259259
2 0.6286458333333333 0.5824074074074074 0.21770833333333334 0.5092592592592593
3 0.43645833333333334 0.662962962962963 0.044270833333333336 0.08333333333333333
0 0.2671875 0.1037037037037037 0.09166666666666666 0.1787037037037037
18 0.5036458333333333 0.7527777777777778 0.0640625 0.125
13 0.5453125 0.5111111111111111 0.1140625 0.15925925925925927
6 0.27760416666666665 0.5925925925925926 0.09479166666666666 0.1425925925925926
17 0.39010416666666664 0.8009259259259259 0.0875 0.12685185185185185
