0 0.6776041666666667 0.7296296296296296 0.0703125 0.17777777777777778
17 0.6932291666666667 0.7666666666666667 0.08385416666666666 0.13425925925925927
6 0.5119791666666667 0.5722222222222222 0.1109375 0.1962962962962963
2 0.1109375 0.22361111111111112 0.1765625 0.44722222222222224
8 0.784375 0.41203703703703703 0.05625 0.09259259259259259
0 0.4322916666666667 0.45925925925925926 0.07916666666666666 0.1925925925925926
2 0.36302083333333335 0.21250000000000002 0.17135416666666667 0.42500000000000004
13 0.65625 0.4425925925925926 0.08958333333333333 0.17037037037037037
8 0.5494791666666666 0.26296296296296295 0.1046875 0.18703703703703703
11 0.9135416666666667 0.2962962962962963 0.16302083333333334 0.4666666666666667
7 0.5796875 0.7981481481481482 0.06822916666666666 0.14629629629629629
