0 0.7109375 0.30185185185185187 0.109375 0.16944444444444445
2 0.04895833333333334 0.7988425925925926 0.09791666666666668 0.4023148148148148
15 0.3020833333333333 0.4361111111111111 0.08489583333333334 0.11296296296296296
11 0.93828125 0.24074074074074073 0.12343749999999998 0.4148148148148148
0 0.39479166666666665 0.562037037037037 0.1171875 0.1648148148148148
2 0.28489583333333335 0.7569444444444444 0.16822916666666668 0.48611111111111116
18 0.35260416666666666 0.6398148148148148 0.06979166666666667 0.10092592592592593
13 0.14114583333333333 0.36666666666666664 0.06302083333333333 0.10833333333333334
9 0.26666666666666666 0.4740740740740741 0.0828125 0.13055555555555556
15 0.315625 0.5388888888888889 0.14322916666666666 0.22407407407407406
3 0.25 0.6648148148148149 0.05364583333333333 0.1111111111111111
