13 0.3484375 0.5574074074074075 0.09270833333333334 0.15
11 0.7921875 0.787037037037037 0.17760416666666667 0.42592592592592593
5 0.24010416666666667 0.2953703703703704 0.06822916666666666 0.13240740740740742
16 0.09791666666666667 0.04722222222222222 0.07604166666666666 0.09444444444444444
2 0.4041666666666667 0.14722222222222223 0.153125 0.29444444444444445
11 0.725 0.4305555555555556 0.175 0.4601851851851852
12 0.25052083333333336 0.7694444444444445 0.04739583333333333 0.09259259259259259
0 0.46770833333333334 0.2574074074074074 0.0609375 0.20833333333333334
0 0.12447916666666667 0.4842592592592593 0.04739583333333333 0.20092592592592592
9 0.27760416666666665 0.44351851851851853 0.07760416666666667 0.14629629629629629
