0 0.5369791666666667 0.21203703703703702 0.11770833333333333 0.2212962962962963
12 0.6666666666666666 0.25 0.06510416666666667 0.08425925925925926
11 0.5057291666666667 0.4074074074074074 0.16770833333333332 0.5305555555555556
0 0.6463541666666667 0.07615740740740741 0.09895833333333333 0.15231481481481482
8 0.5203125 0.4425925925925926 0.05364583333333333 0.11851851851851852
7 0.4734375 0.5916666666666667 0.096875 0.1712962962962963
10 0.6083333333333333 0.16018518518518518 0.10104166666666667 0.17592592592592593
11 0.33177083333333335 0.8002314814814815 0.19739583333333333 0.399537037037037
2 0.7015625 0.5527777777777778 0.18072916666666666 0.6259259259259259
0 0.6890625 0.31296296296296294 0.15208333333333332 0.1935185185185185
