10 0.7984375 0.7527777777777778 0.11927083333333334 0.1527777777777778
0 0.53125 0.42592592592592593 0.10572916666666667 0.2074074074074074
0 0.7828125 0.9032407407407408 0.1296875 0.19351851851851842
11 0.8817708333333333 0.17685185185185184 0.16927083333333334 0.3537037037037037
0 0.9135416666666667 0.8398148148148148 0.10052083333333334 0.1425925925925926
8 0.9302083333333333 0.49907407407407406 0.07135416666666666 0.16203703703703703
17 0.8630208333333333 0.7388888888888889 0.071875 0.1259259259259259
11 0.14479166666666668 0.48703703703703705 0.22552083333333334 0.5833333333333334
7 0.32135416666666666 0.03564814814814815 0.052083333333333336 0.0712962962962963
2 0.94140625 0.7425925925925926 0.1171875 0.4583333333333333
