14 0.5875 0.4462962962962963 0.0515625 0.08333333333333333
11 0.15677083333333333 0.7953703703703704 0.17083333333333334 0.4092592592592592
15 0.6348958333333333 0.7555555555555555 0.15625 0.16574074074074074
13 0.4119791666666667 0.6240740740740741 0.05677083333333333 0.10185185185185185
2 0.3463541666666667 0.3314814814814815 0.13333333333333333 0.5
0 0.5083333333333333 0.7074074074074074 0.15677083333333333 0.27314814814814814
1 0.9010416666666666 0.24166666666666667 0.09375 0.10925925925925926
8 0.5635416666666667 0.15648148148148147 0.11302083333333333 0.21666666666666667
9 0.8973958333333333 0.27685185185185185 0.0953125 0.17222222222222222
0 0.5911458333333334 0.1537037037037037 0.10104166666666667 0.25925925925925924
