2 0.43385416666666665 0.6444444444444445 0.171875 0.4648148148148148
7 0.7802083333333333 0.31851851851851853 0.051041666666666666 0.09444444444444444
0 0.5901041666666667 0.05462962962962963 0.07239583333333334 0.10925925925925926
11 0.5760416666666667 0.6898148148148148 0.14635416666666667 0.4398148148148148
8 0.7463541666666667 0.24814814814814815 0.07864583333333333 0.1287037037037037
13 0.89375 0.47685185185185186 0.10416666666666667 0.1675925925925926
0 0.5494791666666666 0.6185185185185185 0.09166666666666666 0.24444444444444444
8 0.6119791666666666 0.06967592592592593 0.08489583333333334 0.13935185185185187
14 0.6739583333333333 0.42685185185185187 0.058333333333333334 0.08611111111111111
2 0.5020833333333333 0.8118055555555556 0.15 0.3763888888888889
