0 0.8463541666666666 0.95 0.06614583333333333 0.09999999999999998
2 0.062109375 0.2539351851851852 0.12421875 0.5078703703703704
9 0.203125 0.6074074074074074 0.09479166666666666 0.14166666666666666
18 0.6557291666666667 0.29907407407407405 0.10052083333333334 0.15833333333333333
0 0.8526041666666667 0.637962962962963 0.078125 0.2351851851851852
18 0.4166666666666667 0.22037037037037038 0.046875 0.08981481481481482
10 0.5026041666666666 0.5879629629629629 0.10729166666666666 0.20462962962962963
0 0.8114583333333333 0.3972222222222222 0.146875 0.2657407407407407
16 0.49322916666666666 0.6509259259259259 0.14895833333333333 0.17962962962962964
18 0.6447916666666667 0.48148148148148145 0.07604166666666666 0.09537037037037037
14 0.6109375 0.5796296296296296 0.0421875 0.09351851851851851
