4 0.48541666666666666 0.7 0.096875 0.2
1 0.9662760416666667 0.8972222222222223 0.06744791666666672 0.17037037037037037
10 0.48385416666666664 0.5537037037037037 0.10989583333333333 0.1685185185185185
11 0.09309895833333333 0.6425925925925926 0.18619791666666666 0.5342592592592592
5 0.8302083333333333 0.774074074074074 0.06770833333333333 0.1111111111111111
3 0.6322916666666667 0.5203703703703704 0.07291666666666667 0.15185185185185185
8 0.6677083333333333 0.687962962962963 0.08697916666666666 0.1814814814814815
1 0.9348958333333333 0.1037037037037037 0.13020833333333337 0.13148148148148148
12 0.43020833333333336 0.9064814814814814 0.06666666666666667 0.15648148148148147
14 0.5078125 0.5074074074074074 0.07083333333333333 0.1712962962962963
0 0.8864583333333333 0.09212962962962963 0.08385416666666666 0.18425925925925926
