3 0.2203125 0.512962962962963 0.090625 0.17407407407407408
0 0.5927083333333333 0.5962962962962963 0.08645833333333333 0.1361111111111111
7 0.29322916666666665 0.40370370370370373 0.0921875 0.18518518518518517
4 0.04791666666666666 0.5509259259259259 0.09583333333333333 0.14444444444444443
0 0.7302083333333333 0.6685185185185185 0.08645833333333333 0.26481481481481484
2 0.8765625 0.48333333333333334 0.15520833333333334 0.5740740740740741
1 0.3416666666666667 0.06666666666666667 0.11979166666666667 0.1111111111111111
15 0.3723958333333333 0.6157407407407407 0.06822916666666666 0.1388888888888889
16 0.07291666666666667 0.5175925925925926 0.058854166666666666 0.11388888888888889
2 0.4671875 0.6592592592592592 0.18645833333333334 0.6083333333333333
