11 0.5427083333333333 0.23055555555555557 0.17239583333333333 0.46111111111111114
9 0.5932291666666667 0.6768518518518518 0.06354166666666666 0.12129629629629629
6 0.8864583333333333 0.3037037037037037 0.071875 0.16944444444444445
19 0.8140625 0.8564814814814815 0.09375 0.18981481481481483
6 0.9166666666666666 0.1962962962962963 0.14895833333333333 0.21296296296296297
19 0.8796875 0.9636574074074074 0.07864583333333333 0.07268518518518519
1 0.2875 0.48518518518518516 0.153125 0.13796296296296295
9 0.9463541666666667 0.4777777777777778 0.04739583333333333 0.08888888888888889
1 0.9415364583333333 0.8092592592592592 0.11692708333333335 0.27037037037037037
6 0.7578125 0.05439814814814815 0.103125 0.1087962962962963
