0 0.45677083333333335 0.14074074074074075 0.08958333333333333 0.23055555555555557
4 0.4234375 0.3972222222222222 0.053125 0.09537037037037037
14 0.24166666666666667 0.2564814814814815 0.0875 0.1388888888888889
0 0.23645833333333333 0.2851851851851852 0.0859375 0.25092592592592594
2 0.0890625 0.4648148148148148 0.12604166666666666 0.4148148148148148
11 0.8791666666666667 0.7435185185185185 0.18541666666666667 0.48148148148148145
12 0.35260416666666666 0.29259259259259257 0.04895833333333333 0.125
2 0.9302083333333333 0.37592592592592594 0.1395833333333334 0.5435185185185185
6 0.509375 0.6037037037037037 0.1078125 0.14444444444444443
6 0.5260416666666666 0.5231481481481481 0.07552083333333333 0.11666666666666667
