11 0.8890625 0.7414351851851851 0.1625 0.5171296296296297
17 0.7432291666666667 0.15 0.09739583333333333 0.23148148148148148
2 0.31614583333333335 0.33425925925925926 0.13177083333333334 0.39166666666666666
19 0.6973958333333333 0.6212962962962963 0.1046875 0.24351851851851852
14 0.7130208333333333 0.4287037037037037 0.08385416666666666 0.13148148148148148
0 0.29322916666666665 0.844675925925926 0.10833333333333334 0.3106481481481481
13 0.43333333333333335 0.35185185185185186 0.10416666666666667 0.17592592592592593
8 0.559375 0.12037037037037036 0.058854166666666666 0.0824074074074074
1 0.8057291666666667 0.4203703703703704 0.12916666666666668 0.21296296296296297
7 0.5354166666666667 0.5546296296296296 0.11875 0.25925925925925924
