11 0.19791666666666666 0.20300925925925928 0.17552083333333332 0.40601851851851856
11 0.6442708333333333 0.6925925925925925 0.146875 0.43703703703703706
6 0.38333333333333336 0.6888888888888889 0.1234375 0.14444444444444443
5 0.178125 0.8166666666666667 0.04791666666666667 0.06944444444444445
0 0.027734375 0.47962962962962963 0.05546875 0.14537037037037037
0 0.20260416666666667 0.9233796296296297 0.06197916666666667 0.15324074074074068
3 0.14166666666666666 0.7129629629629629 0.08958333333333333 0.12962962962962962
13 0.03333333333333333 0.9201388888888888 0.06666666666666667 0.1597222222222222
6 0.146875 0.6814814814814815 0.1546875 0.20925925925925926
11 0.8765625 0.7092592592592593 0.17916666666666667 0.5064814814814815
5 0.09739583333333333 0.37222222222222223 0.059375 0.15185185185185185
