2 0.9291666666666667 0.3712962962962963 0.14166666666666672 0.5212962962962963
2 0.7390625 0.6435185185185185 0.15885416666666666 0.6231481481481481
7 0.47760416666666666 0.930787037037037 0.1015625 0.13842592592592595
12 0.31927083333333334 0.37962962962962965 0.08958333333333333 0.10092592592592593
19 0.4473958333333333 0.6675925925925926 0.090625 0.1814814814814815
11 0.92734375 0.7782407407407408 0.14531249999999996 0.44351851851851853
6 0.5994791666666667 0.6462962962962963 0.1375 0.16018518518518518
0 0.18333333333333332 0.09074074074074075 0.04791666666666667 0.1814814814814815
7 0.390625 0.512962962962963 0.05572916666666667 0.13240740740740742
6 0.3515625 0.5305555555555556 0.0921875 0.09722222222222222
