0 0.9197916666666667 0.4027777777777778 0.109375 0.32037037037037036
8 0.275 0.43148148148148147 0.08333333333333333 0.13055555555555556
7 0.5729166666666666 0.5055555555555555 0.1125 0.12222222222222222
17 0.4973958333333333 0.5509259259259259 0.07395833333333333 0.13055555555555556
11 0.4359375 0.1824074074074074 0.16666666666666666 0.3648148148148148
13 0.36822916666666666 0.42407407407407405 0.10677083333333333 0.14814814814814814
17 0.45208333333333334 0.5314814814814814 0.10677083333333333 0.13240740740740742
1 0.446875 0.85 0.12135416666666667 0.18888888888888888
13 0.4671875 0.487962962962963 0.10364583333333334 0.14351851851851852
19 0.54375 0.1425925925925926 0.12447916666666667 0.16574074074074074
