2 0.2635416666666667 0.5481481481481482 0.17604166666666668 0.5027777777777778
2 0.6859375 0.2849537037037037 0.22552083333333334 0.5699074074074074
3 0.19583333333333333 0.025925925925925925 0.0484375 0.05185185185185185
2 0.6203125 0.18009259259259258 0.16354166666666667 0.36018518518518516
19 0.10052083333333334 0.3675925925925926 0.103125 0.2064814814814815
6 0.17291666666666666 0.4861111111111111 0.057291666666666664 0.13333333333333333
17 0.090625 0.3111111111111111 0.10520833333333333 0.13333333333333333
0 0.22239583333333332 0.049074074074074076 0.13072916666666667 0.09814814814814815
19 0.15260416666666668 0.41388888888888886 0.09114583333333333 0.15
3 0.0203125 0.25555555555555554 0.040625 0.11481481481481481
0 0.4984375 0.4444444444444444 0.07291666666666667 0.26666666666666666
19 0.29375 0.2101851851851852 0.09114583333333333 0.14907407407407408
