0 0.5864583333333333 0.4064814814814815 0.09895833333333333 0.22962962962962963
11 0.2838541666666667 0.5083333333333333 0.21510416666666668 0.5018518518518519
0 0.0578125 0.46574074074074073 0.0953125 0.22685185185185186
12 0.35052083333333334 0.13148148148148148 0.10572916666666667 0.1398148148148148
13 0.08958333333333333 0.47314814814814815 0.06145833333333333 0.1037037037037037
14 0.32083333333333336 0.6472222222222223 0.13854166666666667 0.17037037037037037
2 0.21666666666666667 0.17314814814814816 0.24322916666666666 0.3462962962962963
15 0.3296875 0.2796296296296296 0.10520833333333333 0.19444444444444445
12 0.30625 0.09074074074074075 0.1078125 0.1648148148148148
16 0.24166666666666667 0.32037037037037036 0.12760416666666666 0.1425925925925926
5 0.30416666666666664 0.7175925925925926 0.05520833333333333 0.13796296296296295
11 0.9329427083333334 0.7166666666666667 0.13411458333333326 0.487962962962963
