13 0.3067708333333333 0.487962962962963 0.09479166666666666 0.19537037037037036
17 0.43385416666666665 0.2518518518518518 0.15677083333333333 0.18888888888888888
5 0.3651041666666667 0.3592592592592593 0.09114583333333333 0.10648148148148148
16 0.5317708333333333 0.049305555555555554 0.0765625 0.09861111111111111
2 0.7635416666666667 0.867824074074074 0.1828125 0.26435185185185195
2 0.7229166666666667 0.7280092592592593 0.15364583333333334 0.5439814814814815
0 0.71875 0.6981481481481482 0.06354166666666666 0.16666666666666666
9 0.5109375 0.45092592592592595 0.08385416666666666 0.1574074074074074
0 0.06979166666666667 0.8870370370370371 0.07552083333333333 0.12777777777777777
10 0.21354166666666666 0.3111111111111111 0.1234375 0.21851851851851853
1 0.5526041666666667 0.412962962962963 0.11510416666666666 0.13333333333333333
