2 0.5984375 0.850462962962963 0.15625 0.29907407407407405
2 0.24322916666666666 0.18356481481481482 0.11822916666666666 0.36712962962962964
7 0.31666666666666665 0.3685185185185185 0.058854166666666666 0.15555555555555556
2 0.12604166666666666 0.5518518518518518 0.21041666666666667 0.5731481481481482
8 0.2421875 0.5185185185185185 0.09479166666666666 0.14814814814814814
0 0.7869791666666667 0.6342592592592593 0.0765625 0.20277777777777778
9 0.2125 0.6898148148148148 0.0828125 0.1685185185185185
0 0.7838541666666666 0.26851851851851855 0.08125 0.13796296296296295
7 0.14635416666666667 0.18796296296296297 0.05520833333333333 0.0962962962962963
8 0.15416666666666667 0.2740740740740741 0.115625 0.15555555555555556
