7 0.46927083333333336 0.3194444444444444 0.0515625 0.14444444444444443
0 0.325 0.7324074074074074 0.09791666666666667 0.15925925925925927
9 0.6791666666666667 0.32037037037037036 0.07291666666666667 0.13703703703703704
11 0.2828125 0.20300925925925928 0.19114583333333332 0.40601851851851856
15 0.5645833333333333 0.14722222222222223 0.11666666666666667 0.19444444444444445
9 0.646875 0.2675925925925926 0.08229166666666667 0.13703703703703704
2 0.6911458333333333 0.1650462962962963 0.15 0.3300925925925926
16 0.6572916666666667 0.5342592592592592 0.08958333333333333 0.1675925925925926
1 0.675 0.7444444444444445 0.13958333333333334 0.14444444444444443
2 0.8421875 0.5731481481481482 0.1796875 0.48055555555555557
17 0.42135416666666664 0.31666666666666665 0.0578125 0.0962962962962963
