2 0.7864583333333334 0.5037037037037037 0.15052083333333333 0.41203703703703703
18 0.23020833333333332 0.4824074074074074 0.058854166666666666 0.11944444444444445
15 0.5015625 0.9351851851851851 0.09583333333333334 0.12962962962962965
11 0.06770833333333333 0.34629629629629627 0.13541666666666666 0.5592592592592592
0 0.39114583333333336 0.5435185185185185 0.11354166666666667 0.21481481481481482
13 0.378125 0.6277777777777778 0.11458333333333333 0.21481481481481482
11 0.7427083333333333 0.15925925925925924 0.19791666666666666 0.3185185185185185
8 0.20364583333333333 0.6962962962962963 0.1203125 0.2175925925925926
18 0.4114583333333333 0.23333333333333334 0.07760416666666667 0.13518518518518519
1 0.3651041666666667 0.2 0.12135416666666667 0.13148148148148148
3 0.12395833333333334 0.40555555555555556 0.0703125 0.07962962962962963
14 0.08385416666666666 0.2962962962962963 0.04635416666666667 0.075
