2 0.8854166666666666 0.12222222222222222 0.1484375 0.24444444444444444
12 0.2859375 0.7324074074074074 0.059895833333333336 0.10462962962962963
17 0.25885416666666666 0.5703703703703704 0.04635416666666667 0.0962962962962963
0 0.9234375 0.19166666666666668 0.10729166666666666 0.27870370370370373
14 0.3807291666666667 0.5592592592592592 0.09947916666666666 0.13055555555555556
6 0.058854166666666666 0.4740740740740741 0.11770833333333333 0.16944444444444445
15 0.4515625 0.4861111111111111 0.08854166666666667 0.13055555555555556
4 0.18125 0.5907407407407408 0.1109375 0.15925925925925927
0 0.296875 0.5657407407407408 0.078125 0.16574074074074074
6 0.10833333333333334 0.6842592592592592 0.07239583333333334 0.14166666666666666
