4 0.6635416666666667 0.5388888888888889 0.06041666666666667 0.12962962962962962
14 0.6104166666666667 0.39814814814814814 0.04791666666666667 0.07407407407407407
2 0.9063802083333333 0.7710648148148148 0.18723958333333335 0.45787037037037037
16 0.6963541666666667 0.3398148148148148 0.12395833333333334 0.2074074074074074
0 0.30104166666666665 0.7342592592592593 0.15052083333333333 0.16666666666666666
10 0.74375 0.7064814814814815 0.07760416666666667 0.15
16 0.6875 0.8722222222222222 0.09791666666666667 0.16018518518518518
14 0.8213541666666667 0.5972222222222222 0.06875 0.17314814814814813
14 0.6046875 0.7083333333333334 0.06302083333333333 0.11944444444444445
2 0.06575520833333333 0.21273148148148147 0.13151041666666666 0.42546296296296293
