6 0.8552083333333333 0.28055555555555556 0.10625 0.20833333333333334
12 0.8786458333333333 0.4166666666666667 0.0640625 0.1685185185185185
11 0.4552083333333333 0.2238425925925926 0.15260416666666668 0.4476851851851852
2 0.41458333333333336 0.7668981481481482 0.17864583333333334 0.4662037037037037
0 0.96171875 0.9243055555555556 0.07656249999999998 0.1513888888888888
0 0.4005208333333333 0.7398148148148148 0.10052083333333334 0.23796296296296296
15 0.8630208333333333 0.5907407407407408 0.109375 0.24444444444444444
4 0.5619791666666667 0.03518518518518519 0.07760416666666667 0.07037037037037037
1 0.23020833333333332 0.2638888888888889 0.14270833333333333 0.1287037037037037
9 0.85 0.5601851851851852 0.07604166666666666 0.10925925925925926
3 0.6963541666666667 0.549074074074074 0.065625 0.1111111111111111
