13 0.6578125 0.16203703703703703 0.078125 0.21666666666666667
14 0.8348958333333333 0.5472222222222223 0.06927083333333334 0.18333333333333332
3 0.5057291666666667 0.5259259259259259 0.07135416666666666 0.13148148148148148
11 0.478125 0.8423611111111111 0.19010416666666666 0.31527777777777777
0 0.70625 0.28055555555555556 0.11145833333333334 0.22962962962962963
17 0.94375 0.5314814814814814 0.05364583333333333 0.0962962962962963
0 0.2994791666666667 0.5898148148148148 0.09322916666666667 0.17222222222222222
1 0.7296875 0.6083333333333333 0.0734375 0.18055555555555555
2 0.47604166666666664 0.8178240740740741 0.17916666666666667 0.3643518518518518
2 0.06171875 0.7296296296296296 0.1234375 0.5277777777777778
