0 0.029166666666666667 0.40555555555555556 0.058333333333333334 0.2101851851851852
15 0.7182291666666667 0.5203703703703704 0.05260416666666667 0.10555555555555556
0 0.6364583333333333 0.662962962962963 0.09010416666666667 0.31851851851851853
17 0.6463541666666667 0.44907407407407407 0.08229166666666667 0.13518518518518519
11 0.9166666666666666 0.23125 0.16510416666666666 0.4625
11 0.07408854166666667 0.5972222222222222 0.14817708333333335 0.5805555555555556
3 0.9197916666666667 0.17314814814814813 0.096875 0.11203703703703703
6 0.7692708333333333 0.12962962962962962 0.08802083333333334 0.14537037037037037
12 0.7708333333333334 0.7212962962962963 0.07239583333333334 0.08888888888888889
1 0.8494791666666667 0.13703703703703704 0.06770833333333333 0.1111111111111111
