19 0.7401041666666667 0.6916666666666667 0.1 0.15092592592592594
0 0.9177083333333333 0.8611111111111112 0.08697916666666666 0.2777777777777778
2 0.9046875 0.2275462962962963 0.175 0.4550925925925926
16 0.6010416666666667 0.6222222222222222 0.084375 0.14074074074074075
2 0.3953125 0.1275462962962963 0.175 0.2550925925925926
3 0.6354166666666666 0.8407407407407408 0.08229166666666667 0.125
3 0.41510416666666666 0.7018518518518518 0.07760416666666667 0.10925925925925926
0 0.08489583333333334 0.5555555555555556 0.07760416666666667 0.2101851851851852
5 0.5505208333333333 0.4305555555555556 0.046875 0.13148148148148148
11 0.080078125 0.8446759259259259 0.16015625 0.31064814814814823
