3 0.3515625 0.6768518518518518 0.08072916666666667 0.14722222222222223
18 0.43854166666666666 0.7101851851851851 0.08489583333333334 0.1388888888888889
3 0.33125 0.30092592592592593 0.04895833333333333 0.15462962962962962
11 0.6489583333333333 0.3907407407407407 0.19739583333333333 0.5731481481481482
11 0.8927083333333333 0.25277777777777777 0.18229166666666666 0.4898148148148148
13 0.46875 0.6037037037037037 0.09739583333333333 0.14907407407407408
2 0.559375 0.15231481481481482 0.1875 0.30462962962962964
0 0.23802083333333332 0.08055555555555556 0.0828125 0.14166666666666666
15 0.5239583333333333 0.2814814814814815 0.09166666666666666 0.21481481481481482
0 0.15260416666666668 0.9430555555555555 0.10104166666666667 0.11388888888888893
3 0.35260416666666666 0.7027777777777777 0.11197916666666667 0.18518518518518517
