5 0.79375 0.04560185185185185 0.10520833333333333 0.0912037037037037
11 0.19270833333333334 0.40185185185185185 0.165625 0.45925925925925926
9 0.8369791666666667 0.5703703703703704 0.075 0.13425925925925927
3 0.70625 0.2175925925925926 0.09114583333333333 0.1648148148148148
2 0.7609375 0.7194444444444444 0.16614583333333333 0.475
17 0.7114583333333333 0.35 0.0734375 0.09444444444444444
0 0.44166666666666665 0.6259259259259259 0.07552083333333333 0.18425925925925926
19 0.771875 0.2175925925925926 0.14739583333333334 0.22592592592592592
0 0.7395833333333334 0.21944444444444444 0.071875 0.19907407407407407
1 0.8791666666666667 0.08796296296296297 0.1046875 0.09907407407407408
