10 0.4734375 0.6907407407407408 0.14375 0.2222222222222222
2 0.8817708333333333 0.6259259259259259 0.20572916666666666 0.524074074074074
8 0.43333333333333335 0.7564814814814815 0.08385416666666666 0.13703703703703704
16 0.31875 0.5009259259259259 0.059895833333333336 0.11666666666666667
13 0.346875 0.32685185185185184 0.0765625 0.10925925925925926
0 0.5510416666666667 0.5351851851851852 0.09166666666666666 0.17777777777777778
19 0.41458333333333336 0.31666666666666665 0.09479166666666666 0.2574074074074074
11 0.6067708333333334 0.2189814814814815 0.2015625 0.437962962962963
0 0.6328125 0.7287037037037037 0.12604166666666666 0.19814814814814816
19 0.37552083333333336 0.9298611111111111 0.10989583333333333 0.14027777777777772
19 0.6328125 0.6351851851851852 0.12447916666666667 0.17222222222222222
