18 0.6776041666666667 0.3537037037037037 0.06927083333333334 0.1175925925925926
11 0.2630208333333333 0.33611111111111114 0.1859375 0.5611111111111111
0 0.9552083333333333 0.08726851851851852 0.08958333333333335 0.17453703703703705
12 0.8526041666666667 0.19444444444444445 0.07708333333333334 0.1574074074074074
5 0.7130208333333333 0.11388888888888889 0.09166666666666666 0.22407407407407406
19 0.8708333333333333 0.39444444444444443 0.09322916666666667 0.14629629629629629
2 0.5057291666666667 0.6518518518518519 0.17395833333333333 0.6444444444444445
18 0.7015625 0.2824074074074074 0.06927083333333334 0.09814814814814815
14 0.8666666666666667 0.4527777777777778 0.07864583333333333 0.13333333333333333
14 0.7895833333333333 0.35648148148148145 0.08229166666666667 0.21481481481481482
