11 0.6973958333333333 0.34074074074074073 0.165625 0.5703703703703704
0 0.7546875 0.4824074074074074 0.11770833333333333 0.1675925925925926
17 0.2375 0.6361111111111111 0.11770833333333333 0.21203703703703702
18 0.2453125 0.362962962962963 0.071875 0.1361111111111111
2 0.19947916666666668 0.2136574074074074 0.16979166666666667 0.4273148148148148
18 0.22708333333333333 0.4083333333333333 0.04895833333333333 0.08796296296296297
3 0.18645833333333334 0.8314814814814815 0.08541666666666667 0.11203703703703703
11 0.7380208333333333 0.49444444444444446 0.18072916666666666 0.5055555555555555
9 0.096875 0.18981481481481483 0.08958333333333333 0.18518518518518517
6 0.3072916666666667 0.3990740740740741 0.1359375 0.25092592592592594
