12 0.24375 0.5046296296296297 0.05 0.11203703703703703
1 0.5104166666666666 0.5277777777777778 0.06770833333333333 0.25925925925925924
1 0.6802083333333333 0.6407407407407407 0.03802083333333333 0.06481481481481481
11 0.23489583333333333 0.8229166666666666 0.153125 0.35416666666666674
17 0.3619791666666667 0.22962962962962963 0.1078125 0.18611111111111112
6 0.2171875 0.5231481481481481 0.10104166666666667 0.17685185185185184
10 0.48072916666666665 0.30925925925925923 0.134375 0.18333333333333332
10 0.14375 0.45925925925925926 0.0734375 0.14351851851851852
8 0.4354166666666667 0.4546296296296296 0.10260416666666666 0.13796296296296295
11 0.159375 0.6296296296296297 0.17239583333333333 0.6
