2 0.4161458333333333 0.8456018518518518 0.18958333333333333 0.30879629629629635
8 0.2520833333333333 0.7083333333333334 0.10572916666666667 0.14351851851851852
0 0.46822916666666664 0.2962962962962963 0.1015625 0.21851851851851853
3 0.22135416666666666 0.5018518518518519 0.0921875 0.1388888888888889
1 0.85625 0.2814814814814815 0.08645833333333333 0.19074074074074074
1 0.8114583333333333 0.32407407407407407 0.07447916666666667 0.15185185185185185
10 0.37604166666666666 0.7675925925925926 0.16666666666666666 0.2490740740740741
11 0.5260416666666666 0.8386574074074075 0.2015625 0.3226851851851851
11 0.9358072916666667 0.8168981481481481 0.1283854166666667 0.3662037037037038
16 0.38958333333333334 0.7203703703703703 0.11822916666666666 0.23055555555555557
9 0.3171875 0.4148148148148148 0.090625 0.15185185185185185
