0 0.6890625 0.4425925925925926 0.0828125 0.1574074074074074
15 0.4317708333333333 0.6805555555555556 0.090625 0.20555555555555555
16 0.38229166666666664 0.8111111111111111 0.06354166666666666 0.12129629629629629
11 0.8046875 0.39166666666666666 0.2015625 0.5157407407407407
2 0.540625 0.6962962962962963 0.13645833333333332 0.40185185185185185
6 0.5354166666666667 0.36666666666666664 0.08697916666666666 0.09351851851851851
16 0.48020833333333335 0.23981481481481481 0.09322916666666667 0.11481481481481481
3 0.4296875 0.35185185185185186 0.04791666666666667 0.10925925925925926
1 0.4588541666666667 0.2101851851851852 0.07135416666666666 0.15833333333333333
11 0.5604166666666667 0.34074074074074073 0.159375 0.6537037037037037
1 0.2630208333333333 0.32314814814814813 0.14114583333333333 0.1527777777777778
