16 0.16822916666666668 0.9300925925925926 0.11927083333333334 0.13981481481481484
14 0.34322916666666664 0.4703703703703704 0.052083333333333336 0.10277777777777777
18 0.478125 0.7722222222222223 0.05677083333333333 0.0962962962962963
0 0.19947916666666668 0.3074074074074074 0.14322916666666666 0.15925925925925927
0 0.4109375 0.38333333333333336 0.15677083333333333 0.2759259259259259
18 0.4875 0.5074074074074074 0.06770833333333333 0.11203703703703703
4 0.5578125 0.4009259259259259 0.06875 0.11481481481481481
13 0.2859375 0.39537037037037037 0.06458333333333334 0.11574074074074074
10 0.27239583333333334 0.5277777777777778 0.1296875 0.1388888888888889
2 0.0984375 0.8546296296296296 0.159375 0.29074074074074074
0 0.8317708333333333 0.06481481481481483 0.09583333333333334 0.12962962962962965
