6 0.6911458333333333 0.32592592592592595 0.1265625 0.21944444444444444
0 0.0640625 0.29074074074074074 0.08489583333333334 0.1398148148148148
0 0.0703125 0.1824074074074074 0.06354166666666666 0.17592592592592593
6 0.40520833333333334 0.26481481481481484 0.10260416666666666 0.19074074074074074
2 0.2630208333333333 0.7712962962962964 0.15052083333333333 0.4574074074074074
13 0.5296875 0.3314814814814815 0.051041666666666666 0.08888888888888889
2 0.2755208333333333 0.7372685185185185 0.22916666666666666 0.525462962962963
2 0.7234375 0.6444444444444445 0.1390625 0.43333333333333335
13 0.2755208333333333 0.44907407407407407 0.08958333333333333 0.1398148148148148
19 0.5942708333333333 0.44166666666666665 0.09427083333333333 0.16296296296296298
