0 0.8963541666666667 0.3768518518518518 0.08333333333333333 0.18796296296296297
16 0.6078125 0.08703703703703704 0.051041666666666666 0.1111111111111111
0 0.3 0.9194444444444444 0.12083333333333333 0.1611111111111112
1 0.7875 0.4666666666666667 0.13854166666666667 0.14537037037037037
11 0.05182291666666666 0.3 0.10364583333333333 0.39814814814814814
9 0.8432291666666667 0.31574074074074077 0.09479166666666666 0.16203703703703703
4 0.7859375 0.2740740740740741 0.06458333333333334 0.14166666666666666
19 0.8395833333333333 0.3175925925925926 0.16041666666666668 0.2037037037037037
8 0.9192708333333334 0.44074074074074077 0.10520833333333333 0.17037037037037037
10 0.8296875 0.3962962962962963 0.09270833333333334 0.19907407407407407
