11 0.4890625 0.29074074074074074 0.12552083333333333 0.3861111111111111
1 0.7807291666666667 0.21296296296296297 0.12552083333333333 0.14537037037037037
0 0.8026041666666667 0.6203703703703703 0.12447916666666667 0.16203703703703703
9 0.23177083333333334 0.8666666666666667 0.10208333333333333 0.1685185185185185
3 0.290625 0.5972222222222222 0.1015625 0.1787037037037037
7 0.259375 0.5768518518518518 0.08020833333333334 0.10185185185185185
2 0.7869791666666667 0.2601851851851852 0.1375 0.5148148148148148
8 0.3020833333333333 0.3472222222222222 0.05520833333333333 0.09814814814814815
16 0.25104166666666666 0.7194444444444444 0.050520833333333334 0.14351851851851852
7 0.33229166666666665 0.8546296296296296 0.1125 0.17407407407407408
0 0.15729166666666666 0.08333333333333333 0.07552083333333333 0.16666666666666666
10 0.32447916666666665 0.525 0.2046875 0.30462962962962964
