16 0.3875 0.48055555555555557 0.08072916666666667 0.10185185185185185
2 0.48020833333333335 0.8175925925925926 0.14947916666666666 0.3648148148148147
0 0.6666666666666666 0.49537037037037035 0.06927083333333334 0.1925925925925926
15 0.4859375 0.08981481481481482 0.050520833333333334 0.08611111111111111
11 0.6161458333333333 0.38333333333333336 0.20416666666666666 0.5212962962962963
17 0.48020833333333335 0.5425925925925926 0.096875 0.16203703703703703
16 0.40989583333333335 0.0349537037037037 0.07239583333333334 0.0699074074074074
5 0.45 0.3212962962962963 0.0859375 0.1824074074074074
17 0.3796875 0.5703703703703704 0.06614583333333333 0.11851851851851852
11 0.4984375 0.30462962962962964 0.13229166666666667 0.39351851851851855
