0 0.5104166666666666 0.7638888888888888 0.09114583333333333 0.19907407407407407
13 0.3541666666666667 0.4703703703703704 0.0765625 0.14629629629629629
6 0.10989583333333333 0.3416666666666667 0.11041666666666666 0.14074074074074075
12 0.5833333333333334 0.3111111111111111 0.08177083333333333 0.14629629629629629
3 0.325 0.9490740740740741 0.07291666666666667 0.10185185185185186
0 0.6515625 0.48333333333333334 0.05260416666666667 0.23703703703703705
4 0.3859375 0.44814814814814813 0.09375 0.20833333333333334
11 0.3572916666666667 0.3333333333333333 0.153125 0.5879629629629629
12 0.10052083333333334 0.6157407407407407 0.11666666666666667 0.16296296296296298
0 0.7963541666666667 0.3 0.06770833333333333 0.2351851851851852
