2 0.265625 0.18449074074074073 0.18854166666666666 0.36898148148148147
0 0.06145833333333333 0.25555555555555554 0.057291666666666664 0.20833333333333334
4 0.029817708333333335 0.4351851851851852 0.05963541666666667 0.21481481481481482
14 0.3260416666666667 0.6990740740740741 0.06666666666666667 0.11388888888888889
4 0.31145833333333334 0.49537037037037035 0.08385416666666666 0.12962962962962962
16 0.2791666666666667 0.7148148148148148 0.11458333333333333 0.2361111111111111
1 0.06354166666666666 0.43333333333333335 0.07604166666666666 0.1685185185185185
8 0.1984375 0.3574074074074074 0.12864583333333332 0.1638888888888889
16 0.275 0.7537037037037037 0.08177083333333333 0.13518518518518519
16 0.35104166666666664 0.037037037037037035 0.0953125 0.07407407407407407
