16 0.12239583333333333 0.8481481481481481 0.10885416666666667 0.18611111111111112
2 0.08177083333333332 0.2224537037037037 0.16354166666666664 0.4449074074074074
9 0.3453125 0.4444444444444444 0.090625 0.15462962962962962
5 0.2947916666666667 0.4148148148148148 0.075 0.18796296296296297
17 0.41875 0.5472222222222223 0.10520833333333333 0.20092592592592592
11 0.6536458333333334 0.7 0.22447916666666667 0.5361111111111111
0 0.04348958333333333 0.4 0.08697916666666666 0.20833333333333334
0 0.3015625 0.9013888888888889 0.146875 0.1972222222222222
1 0.63125 0.06342592592592593 0.07864583333333333 0.12685185185185185
2 0.396875 0.6861111111111111 0.19375 0.5212962962962963
