5 0.575 0.5425925925925926 0.058333333333333334 0.0962962962962963
9 0.7307291666666667 0.34629629629629627 0.0671875 0.06759259259259259
0 0.5572916666666666 0.6527777777777778 0.08645833333333333 0.23703703703703705
2 0.6635416666666667 0.3416666666666667 0.2171875 0.5296296296296297
6 0.7234375 0.8898148148148148 0.0859375 0.12129629629629629
1 0.5046875 0.2064814814814815 0.06666666666666667 0.11666666666666667
0 0.07135416666666666 0.6583333333333333 0.13802083333333334 0.21481481481481482
10 0.7984375 0.8287037037037037 0.13489583333333333 0.2111111111111111
12 0.671875 0.3509259259259259 0.07604166666666666 0.09444444444444444
9 0.6145833333333334 0.537962962962963 0.06197916666666667 0.09351851851851851
