19 0.8072916666666666 0.5064814814814815 0.10260416666666666 0.15092592592592594
8 0.834375 0.36666666666666664 0.08229166666666667 0.12129629629629629
0 0.18697916666666667 0.9578703703703704 0.06354166666666666 0.08425925925925926
5 0.7859375 0.3925925925925926 0.08854166666666667 0.20092592592592592
2 0.5677083333333334 0.2675925925925926 0.16302083333333334 0.4777777777777778
1 0.21614583333333334 0.4648148148148148 0.0578125 0.10092592592592593
2 0.7078125 0.2777777777777778 0.13802083333333334 0.425
16 0.8359375 0.026157407407407407 0.053125 0.052314814814814814
1 0.1765625 0.5027777777777778 0.11041666666666666 0.14074074074074075
4 0.8901041666666667 0.48055555555555557 0.0765625 0.1814814814814815
