0 0.7322916666666667 0.08935185185185185 0.078125 0.1787037037037037
5 0.35260416666666666 0.3861111111111111 0.07552083333333333 0.11666666666666667
1 0.6385416666666667 0.8740740740740741 0.08802083333333334 0.14166666666666666
8 0.440625 0.4101851851851852 0.09427083333333333 0.1935185185185185
2 0.7552083333333334 0.4703703703703704 0.23541666666666666 0.5166666666666667
9 0.5005208333333333 0.5731481481481482 0.06822916666666666 0.12685185185185185
11 0.16822916666666668 0.36018518518518516 0.2265625 0.5453703703703704
0 0.63125 0.16296296296296298 0.06666666666666667 0.225
11 0.18489583333333334 0.39166666666666666 0.18697916666666667 0.5175925925925926
15 0.3489583333333333 0.32314814814814813 0.1234375 0.18981481481481483
