2 0.2833333333333333 0.8324074074074074 0.1375 0.33518518518518525
4 0.428125 0.3212962962962963 0.05520833333333333 0.09814814814814815
3 0.7338541666666667 0.587037037037037 0.06927083333333334 0.12407407407407407
10 0.5348958333333333 0.5175925925925926 0.1171875 0.1925925925925926
2 0.8046875 0.6916666666666667 0.15885416666666666 0.5416666666666666
11 0.2916666666666667 0.44166666666666665 0.228125 0.5435185185185185
12 0.7291666666666666 0.26944444444444443 0.08645833333333333 0.11018518518518519
0 0.37135416666666665 0.16574074074074074 0.1328125 0.22962962962962963
6 0.5171875 0.34074074074074073 0.13125 0.1425925925925926
14 0.390625 0.4722222222222222 0.06145833333333333 0.13055555555555556
