4 0.34375 0.6203703703703703 0.09322916666666667 0.11666666666666667
9 0.4859375 0.45092592592592595 0.0796875 0.1814814814814815
15 0.378125 0.8861111111111111 0.125 0.1398148148148148
0 0.7828125 0.31666666666666665 0.11875 0.18055555555555555
2 0.6338541666666667 0.27662037037037035 0.1984375 0.5532407407407407
0 0.8625 0.056249999999999994 0.12291666666666666 0.11249999999999999
0 0.028125 0.7694444444444445 0.042708333333333334 0.1638888888888889
2 0.2791666666666667 0.7074074074074074 0.14583333333333334 0.4148148148148148
15 0.39739583333333334 0.5796296296296296 0.10416666666666667 0.2361111111111111
6 0.2734375 0.5703703703703704 0.0890625 0.15
3 0.4625 0.22037037037037038 0.109375 0.13333333333333333
9 0.3614583333333333 0.2861111111111111 0.1046875 0.17407407407407408
