0 0.8364583333333333 0.5592592592592592 0.1109375 0.19722222222222222
10 0.215625 0.3111111111111111 0.0859375 0.13055555555555556
14 0.21197916666666666 0.2212962962962963 0.06145833333333333 0.10925925925925926
4 0.21614583333333334 0.7083333333333334 0.09375 0.1111111111111111
0 0.5729166666666666 0.0837962962962963 0.15104166666666666 0.1675925925925926
2 0.35 0.5796296296296296 0.19947916666666668 0.47685185185185186
7 0.1921875 0.5472222222222223 0.08385416666666666 0.1638888888888889
10 0.3 0.44351851851851853 0.07708333333333334 0.16574074074074074
15 0.21354166666666666 0.5268518518518519 0.0953125 0.1787037037037037
11 0.8609375 0.6138888888888889 0.17395833333333333 0.4777777777777778
