0 0.140625 0.8546296296296296 0.17760416666666667 0.2861111111111111
19 0.4505208333333333 0.5731481481481482 0.11458333333333333 0.15462962962962962
14 0.23072916666666668 0.38796296296296295 0.071875 0.19444444444444445
2 0.19635416666666666 0.4564814814814815 0.17135416666666667 0.5287037037037037
18 0.38229166666666664 0.475 0.08697916666666666 0.15092592592592594
5 0.2984375 0.524074074074074 0.08333333333333333 0.09537037037037037
1 0.81875 0.9592592592592593 0.1546875 0.08148148148148149
0 0.7463541666666667 0.5416666666666666 0.0921875 0.15
16 0.28177083333333336 0.6203703703703703 0.08020833333333334 0.12962962962962962
3 0.2421875 0.6648148148148149 0.040625 0.12314814814814815
2 0.565625 0.6592592592592592 0.23958333333333334 0.6175925925925926
