19 0.3875 0.48148148148148145 0.13020833333333334 0.2462962962962963
19 0.715625 0.5981481481481481 0.06302083333333333 0.13148148148148148
0 0.12760416666666666 0.5740740740740741 0.11666666666666667 0.19166666666666668
19 0.521875 0.9060185185185186 0.13125 0.187962962962963
2 0.3421875 0.6731481481481482 0.19635416666666666 0.462037037037037
0 0.6484375 0.46574074074074073 0.10833333333333334 0.13703703703703704
19 0.46875 0.7046296296296296 0.07291666666666667 0.12222222222222222
13 0.5973958333333333 0.8037037037037037 0.05572916666666667 0.14629629629629629
2 0.9463541666666666 0.21319444444444446 0.10729166666666667 0.42638888888888893
0 0.6604166666666667 0.3675925925925926 0.071875 0.21851851851851853
14 0.5255208333333333 0.5351851851851852 0.065625 0.1175925925925926
