2 0.5921875 0.18564814814814815 0.1328125 0.3712962962962963
14 0.12291666666666666 0.4685185185185185 0.04739583333333333 0.07685185185185185
12 0.14583333333333334 0.4601851851851852 0.059375 0.0824074074074074
11 0.934375 0.600925925925926 0.13124999999999998 0.55
0 0.6265625 0.2518518518518518 0.04479166666666667 0.21851851851851853
5 0.2994791666666667 0.6175925925925926 0.06614583333333333 0.1648148148148148
0 0.29010416666666666 0.7907407407407407 0.12864583333333332 0.22777777777777777
3 0.2390625 0.19814814814814816 0.1125 0.15555555555555556
9 0.39739583333333334 0.2814814814814815 0.05416666666666667 0.08055555555555556
15 0.2828125 0.5648148148148148 0.044270833333333336 0.13240740740740742
2 0.25625 0.2675925925925926 0.16875 0.5342592592592592
