9 0.7994791666666666 0.49537037037037035 0.07239583333333334 0.15648148148148147
0 0.3880208333333333 0.5305555555555556 0.09583333333333334 0.15462962962962962
2 0.17447916666666666 0.6546296296296297 0.20260416666666667 0.5712962962962963
0 0.7276041666666667 0.0763888888888889 0.15104166666666666 0.1527777777777778
8 0.7270833333333333 0.42592592592592593 0.0890625 0.12962962962962962
1 0.939453125 0.3712962962962963 0.12109375 0.23148148148148148
7 0.6151041666666667 0.3888888888888889 0.053125 0.1175925925925926
12 0.29375 0.2759259259259259 0.049479166666666664 0.08703703703703704
16 0.4453125 0.4759259259259259 0.115625 0.22314814814814815
4 0.5645833333333333 0.4351851851851852 0.09479166666666666 0.15555555555555556
13 0.5348958333333333 0.9636574074074074 0.08645833333333333 0.07268518518518519
