0 0.4328125 0.862037037037037 0.09739583333333333 0.1675925925925926
0 0.38385416666666666 0.06296296296296297 0.050520833333333334 0.12592592592592594
2 0.6880208333333333 0.7444444444444445 0.19479166666666667 0.4722222222222222
17 0.36354166666666665 0.45740740740740743 0.07395833333333333 0.09537037037037037
3 0.296875 0.7388888888888889 0.09739583333333333 0.13148148148148148
8 0.38385416666666666 0.5435185185185185 0.1265625 0.14907407407407408
14 0.021744791666666666 0.4546296296296296 0.04348958333333333 0.16018518518518518
6 0.23385416666666667 0.33796296296296297 0.15104166666666666 0.2462962962962963
8 0.24739583333333334 0.35185185185185186 0.06822916666666666 0.08703703703703704
0 0.75625 0.9275462962962964 0.11458333333333333 0.14490740740740737
17 0.3536458333333333 0.5953703703703703 0.08802083333333334 0.18888888888888888
