2 0.7916666666666666 0.25300925925925927 0.18125 0.5060185185185185
5 0.6744791666666666 0.5666666666666667 0.0546875 0.11944444444444445
0 0.121875 0.22777777777777777 0.11770833333333333 0.1935185185185185
10 0.534375 0.31574074074074077 0.11510416666666666 0.24351851851851852
6 0.49322916666666666 0.4722222222222222 0.109375 0.11203703703703703
0 0.30625 0.19907407407407407 0.0453125 0.175
15 0.5130208333333334 0.04236111111111111 0.1453125 0.08472222222222223
9 0.5770833333333333 0.4101851851851852 0.1046875 0.18333333333333332
0 0.8213541666666667 0.5861111111111111 0.1078125 0.2101851851851852
6 0.7557291666666667 0.6101851851851852 0.07239583333333334 0.1648148148148148
3 0.6453125 0.4740740740740741 0.103125 0.13518518518518519
