14 0.478125 0.6805555555555556 0.0796875 0.13240740740740742
13 0.5583333333333333 0.887962962962963 0.06041666666666667 0.12037037037037036
17 0.35989583333333336 0.6537037037037037 0.10364583333333334 0.1574074074074074
7 0.596875 0.32407407407407407 0.08645833333333333 0.1685185185185185
11 0.21770833333333334 0.25092592592592594 0.14583333333333334 0.41944444444444445
0 0.9484375 0.1648148148148148 0.078125 0.2222222222222222
2 0.2140625 0.3509259259259259 0.11979166666666667 0.5277777777777778
3 0.5005208333333333 0.3990740740740741 0.057291666666666664 0.07962962962962963
11 0.24947916666666667 0.2833333333333333 0.14791666666666667 0.41574074074074074
14 0.5770833333333333 0.6481481481481481 0.051041666666666666 0.07962962962962963
