1 0.45 0.9506944444444445 0.11197916666666667 0.0986111111111111
15 0.6260416666666667 0.5305555555555556 0.09739583333333333 0.11574074074074074
1 0.12447916666666667 0.3277777777777778 0.09010416666666667 0.10833333333333334
11 0.275 0.8342592592592593 0.19739583333333333 0.3314814814814815
10 0.43072916666666666 0.7712962962962963 0.14270833333333333 0.23981481481481481
8 0.734375 0.4425925925925926 0.08072916666666667 0.11388888888888889
0 0.6317708333333333 0.09907407407407408 0.04791666666666667 0.1425925925925926
17 0.6052083333333333 0.7129629629629629 0.08541666666666667 0.1259259259259259
3 0.4921875 0.6259259259259259 0.08385416666666666 0.12222222222222222
18 0.6885416666666667 0.5731481481481482 0.059375 0.11666666666666667
