12 0.24479166666666666 0.6453703703703704 0.0625 0.13518518518518519
0 0.8171875 0.04814814814814815 0.11927083333333334 0.0962962962962963
2 0.8484375 0.851388888888889 0.2046875 0.29722222222222217
6 0.2140625 0.7814814814814814 0.1375 0.24351851851851852
11 0.43020833333333336 0.3101851851851852 0.15677083333333333 0.4564814814814815
0 0.5489583333333333 0.2037037037037037 0.08333333333333333 0.18518518518518517
0 0.6489583333333333 0.20925925925925926 0.1515625 0.3472222222222222
2 0.14427083333333332 0.600925925925926 0.175 0.44907407407407407
16 0.0953125 0.525 0.06041666666666667 0.10092592592592593
10 0.34322916666666664 0.6648148148148149 0.09322916666666667 0.16203703703703703
