0 0.20104166666666667 0.362962962962963 0.0890625 0.16111111111111112
13 0.146875 0.7833333333333333 0.08333333333333333 0.10925925925925926
0 0.969921875 0.25555555555555554 0.06015625000000002 0.19537037037037036
17 0.3182291666666667 0.7435185185185185 0.1015625 0.1398148148148148
16 0.30833333333333335 0.6518518518518519 0.06510416666666667 0.11944444444444445
11 0.7255208333333333 0.7974537037037037 0.18541666666666667 0.40509259259259256
11 0.36875 0.4074074074074074 0.15364583333333334 0.41203703703703703
0 0.20989583333333334 0.7916666666666666 0.10677083333333333 0.2037037037037037
12 0.24114583333333334 0.4074074074074074 0.09010416666666667 0.11203703703703703
9 0.31666666666666665 0.6 0.10104166666666667 0.1425925925925926
2 0.36666666666666664 0.4722222222222222 0.18645833333333334 0.49722222222222223
8 0.48854166666666665 0.7351851851851852 0.17447916666666666 0.3074074074074074
