2 0.045182291666666666 0.8638888888888889 0.09036458333333333 0.27222222222222225
2 0.7130208333333333 0.6296296296296297 0.13385416666666666 0.3861111111111111
16 0.6234375 0.7490740740740741 0.10260416666666666 0.13796296296296295
9 0.6489583333333333 0.32037037037037036 0.07135416666666666 0.18055555555555555
12 0.671875 0.29444444444444445 0.05625 0.10277777777777777
0 0.19166666666666668 0.6351851851851852 0.14375 0.2777777777777778
5 0.36822916666666666 0.6231481481481481 0.04739583333333333 0.07592592592592592
18 0.5625 0.7305555555555555 0.04739583333333333 0.10277777777777777
17 0.5177083333333333 0.34074074074074073 0.07760416666666667 0.11203703703703703
2 0.2604166666666667 0.33611111111111114 0.15833333333333333 0.575925925925926
9 0.5401041666666667 0.6638888888888889 0.09375 0.22037037037037038
