2 0.04791666666666666 0.1787037037037037 0.09583333333333333 0.3574074074074074
0 0.961328125 0.08032407407407408 0.07734375000000004 0.16064814814814815
11 0.8244791666666667 0.8622685185185185 0.17291666666666666 0.275462962962963
11 0.6625 0.16550925925925927 0.140625 0.33101851851851855
0 0.7447916666666666 0.2074074074074074 0.13072916666666667 0.24351851851851852
19 0.2677083333333333 0.5564814814814815 0.10625 0.1537037037037037
19 0.2375 0.6296296296296297 0.0859375 0.13796296296296295
7 0.4270833333333333 0.6277777777777778 0.11875 0.14444444444444443
4 0.24270833333333333 0.4046296296296296 0.07135416666666666 0.1287037037037037
14 0.35208333333333336 0.4027777777777778 0.057291666666666664 0.08703703703703704
0 0.6911458333333333 0.08171296296296296 0.10833333333333334 0.16342592592592592
15 0.3807291666666667 0.4444444444444444 0.12447916666666667 0.20092592592592592
3 0.3854166666666667 0.5675925925925925 0.06197916666666667 0.13333333333333333
