15 0.6848958333333334 0.13148148148148148 0.11614583333333334 0.1574074074074074
17 0.6989583333333333 0.7046296296296296 0.1046875 0.1962962962962963
1 0.9391927083333333 0.39814814814814814 0.12161458333333341 0.13518518518518519
11 0.4979166666666667 0.7194444444444444 0.12760416666666666 0.4824074074074074
0 0.03645833333333333 0.8689814814814816 0.07291666666666666 0.26203703703703696
14 0.6479166666666667 0.38333333333333336 0.065625 0.11018518518518519
18 0.45416666666666666 0.6768518518518518 0.09010416666666667 0.1638888888888889
17 0.7026041666666667 0.6148148148148148 0.0921875 0.18055555555555555
5 0.6630208333333333 0.6935185185185185 0.11145833333333334 0.12777777777777777
2 0.05598958333333333 0.5277777777777778 0.11197916666666666 0.5685185185185185
18 0.44166666666666665 0.4935185185185185 0.08229166666666667 0.12407407407407407
