13 0.6229166666666667 0.18888888888888888 0.05625 0.12222222222222222
5 0.7432291666666667 0.4388888888888889 0.06979166666666667 0.17592592592592593
18 0.5572916666666666 0.41388888888888886 0.103125 0.16111111111111112
11 0.8057291666666667 0.24351851851851852 0.12760416666666666 0.48703703703703705
10 0.696875 0.49722222222222223 0.13020833333333334 0.22777777777777777
3 0.5614583333333333 0.3425925925925926 0.11614583333333334 0.15
0 0.4875 0.46944444444444444 0.05625 0.15555555555555556
11 0.9322916666666666 0.7548611111111111 0.13541666666666674 0.4902777777777778
0 0.0921875 0.2101851851851852 0.07864583333333333 0.22407407407407406
10 0.7057291666666666 0.5509259259259259 0.10677083333333333 0.13333333333333333
6 0.5692708333333333 0.4722222222222222 0.10572916666666667 0.09537037037037037
11 0.259375 0.5601851851851852 0.1921875 0.6731481481481482
