11 0.09661458333333334 0.37592592592592594 0.19322916666666667 0.5222222222222223
3 0.36666666666666664 0.42407407407407405 0.041666666666666664 0.09351851851851851
0 0.09166666666666666 0.34074074074074073 0.10677083333333333 0.2361111111111111
2 0.6333333333333333 0.44722222222222224 0.153125 0.4388888888888889
8 0.56875 0.3074074074074074 0.10677083333333333 0.13148148148148148
1 0.969140625 0.5351851851851852 0.061718750000000044 0.11388888888888889
19 0.4401041666666667 0.2740740740740741 0.134375 0.20462962962962963
0 0.013802083333333335 0.1824074074074074 0.02760416666666667 0.26296296296296295
10 0.15052083333333333 0.4787037037037037 0.084375 0.11944444444444445
19 0.3651041666666667 0.15833333333333333 0.0640625 0.11018518518518519
11 0.3359375 0.8979166666666667 0.1375 0.2041666666666666
4 0.11197916666666667 0.41759259259259257 0.0609375 0.13055555555555556
