15 0.1765625 0.3990740740740741 0.125 0.20833333333333334
18 0.1859375 0.11388888888888889 0.08697916666666666 0.15555555555555556
16 0.2791666666666667 0.899074074074074 0.08229166666666667 0.10185185185185185
0 0.6661458333333333 0.1511574074074074 0.17447916666666666 0.3023148148148148
15 0.43072916666666666 0.3787037037037037 0.1140625 0.14629629629629629
15 0.45416666666666666 0.6712962962962963 0.10729166666666666 0.2518518518518518
0 0.3515625 0.1962962962962963 0.1046875 0.3194444444444444
2 0.40520833333333334 0.22592592592592592 0.1328125 0.425
16 0.246875 0.6972222222222222 0.06354166666666666 0.11388888888888889
11 0.775 0.5453703703703704 0.1375 0.4166666666666667
16 0.2546875 0.3472222222222222 0.12760416666666666 0.15555555555555556
2 0.07838541666666667 0.6111111111111112 0.15677083333333333 0.5027777777777778
