0 0.7385416666666667 0.07453703703703704 0.043229166666666666 0.14907407407407408
0 0.4192708333333333 0.6101851851851852 0.07447916666666667 0.20092592592592592
12 0.26614583333333336 0.4305555555555556 0.096875 0.15833333333333333
17 0.4125 0.7972222222222223 0.0671875 0.08703703703703704
9 0.5328125 0.44074074074074077 0.10729166666666666 0.13796296296296295
6 0.453125 0.25277777777777777 0.1171875 0.22962962962962963
6 0.4625 0.4425925925925926 0.0875 0.2212962962962963
1 0.20625 0.5953703703703703 0.04791666666666667 0.0824074074074074
2 0.06666666666666667 0.8398148148148148 0.13333333333333333 0.3203703703703703
16 0.5239583333333333 0.362962962962963 0.08072916666666667 0.14351851851851852
11 0.80625 0.19999999999999998 0.19635416666666666 0.39999999999999997
2 0.6786458333333333 0.22499999999999998 0.1953125 0.44999999999999996
4 0.5635416666666667 0.1925925925925926 0.07552083333333333 0.12129629629629629
