12 0.18020833333333333 0.26666666666666666 0.04635416666666667 0.10648148148148148
11 0.07604166666666666 0.16157407407407406 0.13020833333333334 0.32314814814814813
12 0.5541666666666667 0.6361111111111111 0.0625 0.19074074074074074
6 0.2786458333333333 0.5814814814814815 0.09375 0.13333333333333333
0 0.9 0.8560185185185185 0.1078125 0.287962962962963
0 0.9255208333333333 0.3435185185185185 0.08072916666666667 0.21296296296296297
17 0.23229166666666667 0.5388888888888889 0.10364583333333334 0.19722222222222222
11 0.15416666666666667 0.23217592592592592 0.21302083333333333 0.46435185185185185
2 0.6104166666666667 0.8842592592592593 0.14583333333333334 0.2314814814814814
0 0.34270833333333334 0.412962962962963 0.09427083333333333 0.1675925925925926
