9 0.678125 0.13240740740740742 0.11145833333333334 0.17037037037037037
13 0.7286458333333333 0.48055555555555557 0.0921875 0.17592592592592593
2 0.4473958333333333 0.7956018518518518 0.14739583333333334 0.4087962962962963
4 0.7380208333333333 0.5157407407407407 0.0671875 0.09166666666666666
19 0.5 0.41203703703703703 0.09635416666666667 0.17407407407407408
10 0.7994791666666666 0.475 0.075 0.1675925925925926
2 0.890625 0.39444444444444443 0.1359375 0.5907407407407408
2 0.8244791666666667 0.4787037037037037 0.16927083333333334 0.5222222222222223
9 0.5630208333333333 0.25925925925925924 0.09479166666666666 0.1685185185185185
0 0.6427083333333333 0.1398148148148148 0.08333333333333333 0.27314814814814814
10 0.603125 0.600925925925926 0.10625 0.1787037037037037
