11 0.6302083333333334 0.8435185185185186 0.1953125 0.3129629629629629
6 0.3885416666666667 0.6842592592592592 0.09479166666666666 0.17685185185185184
15 0.48072916666666665 0.9018518518518519 0.08385416666666666 0.10740740740740741
0 0.30885416666666665 0.25 0.07552083333333333 0.24351851851851852
0 0.9772135416666667 0.2814814814814815 0.04557291666666663 0.16944444444444445
17 0.6598958333333333 0.7583333333333333 0.075 0.08888888888888889
5 0.5322916666666667 0.04328703703703704 0.06666666666666667 0.08657407407407408
7 0.615625 0.4185185185185185 0.06041666666666667 0.1175925925925926
7 0.6239583333333333 0.524074074074074 0.05520833333333333 0.08796296296296297
11 0.9557291666666666 0.16111111111111112 0.08854166666666674 0.32222222222222224
