11 0.27760416666666665 0.15185185185185185 0.15416666666666667 0.3037037037037037
8 0.6645833333333333 0.37037037037037035 0.096875 0.1527777777777778
8 0.7 0.9314814814814815 0.14635416666666667 0.13703703703703707
6 0.8859375 0.25462962962962965 0.12291666666666666 0.2074074074074074
0 0.036458333333333336 0.7194444444444444 0.059375 0.19814814814814816
8 0.74375 0.02638888888888889 0.0640625 0.05277777777777778
0 0.8901041666666667 0.48055555555555557 0.09947916666666666 0.16111111111111112
17 0.60625 0.26851851851851855 0.11770833333333333 0.15833333333333333
14 0.6578125 0.8101851851851852 0.06458333333333334 0.09074074074074075
0 0.3921875 0.4101851851851852 0.13697916666666668 0.21481481481481482
11 0.5380208333333333 0.6574074074074074 0.14166666666666666 0.5388888888888889
10 0.7489583333333333 0.6157407407407407 0.0828125 0.16296296296296298
