11 0.8208333333333333 0.15578703703703703 0.12916666666666668 0.31157407407407406
0 0.7177083333333333 0.8810185185185185 0.07760416666666667 0.23796296296296293
7 0.5348958333333333 0.2574074074074074 0.06197916666666667 0.08518518518518518
13 0.4375 0.7018518518518518 0.06666666666666667 0.13703703703703704
13 0.35833333333333334 0.02662037037037037 0.08229166666666667 0.05324074074074074
2 0.0734375 0.12129629629629629 0.146875 0.24259259259259258
2 0.8671875 0.30648148148148147 0.14322916666666666 0.5787037037037037
18 0.38385416666666666 0.6185185185185185 0.0828125 0.1824074074074074
19 0.34375 0.39814814814814814 0.06822916666666666 0.12962962962962962
1 0.1578125 0.033101851851851855 0.12395833333333334 0.06620370370370371
10 0.34427083333333336 0.524074074074074 0.08958333333333333 0.19537037037037036
18 0.309375 0.4703703703703704 0.06041666666666667 0.08425925925925926
