13 0.56875 0.2833333333333333 0.10625 0.14722222222222223
11 0.8307291666666666 0.23680555555555555 0.16510416666666666 0.4736111111111111
14 0.465625 0.18425925925925926 0.04791666666666667 0.08611111111111111
14 0.5734375 0.5425925925925926 0.1 0.1388888888888889
10 0.41041666666666665 0.262037037037037 0.16770833333333332 0.16666666666666666
0 0.8723958333333334 0.75 0.09895833333333333 0.18703703703703703
1 0.9458333333333333 0.09444444444444444 0.09114583333333333 0.14166666666666666
2 0.37395833333333334 0.7881944444444444 0.17083333333333334 0.42361111111111116
14 0.51875 0.22685185185185186 0.08333333333333333 0.1648148148148148
16 0.5895833333333333 0.21388888888888888 0.09635416666666667 0.1675925925925926
0 0.9709635416666667 0.23796296296296296 0.058072916666666585 0.17314814814814813
2 0.6276041666666666 0.8527777777777779 0.14583333333333334 0.2944444444444444
14 0.45 0.0787037037037037 0.06666666666666667 0.1574074074074074
