0 0.7578125 0.4666666666666667 0.1171875 0.175
0 0.465625 0.2064814814814815 0.059375 0.20462962962962963
15 0.728125 0.637962962962963 0.12239583333333333 0.23148148148148148
14 0.628125 0.6472222222222223 0.042708333333333334 0.10092592592592593
19 0.8151041666666666 0.5083333333333333 0.096875 0.14907407407407408
3 0.8244791666666667 0.45185185185185184 0.05677083333333333 0.09166666666666666
4 0.7833333333333333 0.43425925925925923 0.075 0.11296296296296296
0 0.8708333333333333 0.5277777777777778 0.14166666666666666 0.20462962962962963
2 0.32083333333333336 0.24282407407407408 0.19583333333333333 0.48564814814814816
8 0.9673177083333333 0.9715277777777778 0.06536458333333339 0.056944444444444464
