4 0.8322916666666667 0.6481481481481481 0.0921875 0.20092592592592592
14 0.5984375 0.46111111111111114 0.06041666666666667 0.13055555555555556
17 0.8776041666666666 0.7583333333333333 0.1046875 0.22407407407407406
1 0.22916666666666666 0.7351851851851852 0.12291666666666666 0.1537037037037037
0 0.28072916666666664 0.8942129629629629 0.1359375 0.21157407407407403
11 0.07838541666666668 0.3138888888888889 0.15677083333333336 0.5601851851851852
0 0.35833333333333334 0.6 0.14010416666666667 0.15555555555555556
2 0.6645833333333333 0.24259259259259258 0.15677083333333333 0.4444444444444444
3 0.7302083333333333 0.44907407407407407 0.05677083333333333 0.1037037037037037
5 0.73125 0.5675925925925925 0.06510416666666667 0.16944444444444445
7 0.6755208333333333 0.850925925925926 0.096875 0.20833333333333334
