0 0.2765625 0.8222222222222222 0.15416666666666667 0.2574074074074074
3 0.21354166666666666 0.7324074074074074 0.08177083333333333 0.11296296296296296
8 0.6713541666666667 0.49444444444444446 0.1 0.14166666666666666
2 0.1390625 0.6222222222222222 0.17708333333333334 0.48703703703703705
13 0.5239583333333333 0.39166666666666666 0.059895833333333336 0.10092592592592593
10 0.46145833333333336 0.6194444444444445 0.1125 0.20185185185185187
2 0.6223958333333334 0.8379629629629629 0.20677083333333332 0.3240740740740742
7 0.3567708333333333 0.6638888888888889 0.08697916666666666 0.08148148148148149
11 0.7151041666666667 0.8553240740740741 0.14947916666666666 0.28935185185185186
3 0.5161458333333333 0.6333333333333333 0.08489583333333334 0.1925925925925926
