19 0.184375 0.7472222222222222 0.08125 0.11666666666666667
14 0.40677083333333336 0.42962962962962964 0.0921875 0.16203703703703703
18 0.6302083333333334 0.20833333333333334 0.09166666666666666 0.1787037037037037
11 0.4640625 0.7534722222222222 0.1828125 0.4930555555555556
6 0.38697916666666665 0.6972222222222222 0.08177083333333333 0.11388888888888889
14 0.44583333333333336 0.799074074074074 0.06770833333333333 0.10462962962962963
1 0.4088541666666667 0.8972222222222223 0.13802083333333334 0.12407407407407407
0 0.03268229166666667 0.06643518518518518 0.06536458333333334 0.13287037037037036
2 0.6635416666666667 0.7872685185185185 0.15572916666666667 0.42546296296296293
5 0.29739583333333336 0.6314814814814815 0.053125 0.09259259259259259
