2 0.6348958333333333 0.7310185185185185 0.1703125 0.537962962962963
13 0.7057291666666666 0.5824074074074074 0.08333333333333333 0.1111111111111111
10 0.6171875 0.5583333333333333 0.0890625 0.13703703703703704
13 0.75625 0.9194444444444444 0.08125 0.11481481481481481
15 0.7520833333333333 0.6574074074074074 0.08854166666666667 0.21296296296296297
0 0.07708333333333334 0.6953703703703704 0.059895833333333336 0.21666666666666667
9 0.6869791666666667 0.5962962962962963 0.103125 0.16296296296296298
0 0.7072916666666667 0.8333333333333334 0.17083333333333334 0.175
16 0.7427083333333333 0.5435185185185185 0.071875 0.12685185185185185
15 0.966015625 0.5037037037037037 0.06796874999999991 0.12962962962962962
11 0.28958333333333336 0.5305555555555556 0.18177083333333333 0.5601851851851852
0 0.5765625 0.2851851851851852 0.08229166666666667 0.19722222222222222
