7 0.3453125 0.35185185185185186 0.09479166666666666 0.2462962962962963
1 0.8375 0.7916666666666666 0.11979166666666667 0.1361111111111111
5 0.453125 0.5962962962962963 0.09166666666666666 0.15092592592592594
12 0.434375 0.7722222222222223 0.059375 0.07962962962962963
0 0.5692708333333333 0.5212962962962963 0.103125 0.1925925925925926
17 0.2838541666666667 0.7314814814814815 0.09583333333333334 0.14444444444444443
15 0.7510416666666667 0.6805555555555556 0.1375 0.18796296296296297
11 0.4630208333333333 0.861111111111111 0.165625 0.2777777777777779
17 0.43020833333333336 0.7037037037037037 0.07447916666666667 0.11388888888888889
14 0.3927083333333333 0.5592592592592592 0.06875 0.1
