15 0.228125 0.6583333333333333 0.15260416666666668 0.18055555555555555
7 0.3333333333333333 0.7361111111111112 0.07760416666666667 0.1259259259259259
6 0.41875 0.7416666666666667 0.15885416666666666 0.3175925925925926
0 0.6354166666666666 0.8185185185185185 0.07552083333333333 0.19444444444444445
6 0.271875 0.6944444444444444 0.13697916666666668 0.22962962962962963
13 0.3015625 0.31203703703703706 0.08020833333333334 0.13333333333333333
16 0.3104166666666667 0.7842592592592592 0.06197916666666667 0.15833333333333333
11 0.7833333333333333 0.17152777777777778 0.17447916666666666 0.34305555555555556
11 0.3932291666666667 0.20671296296296296 0.20104166666666667 0.4134259259259259
7 0.24427083333333333 0.36018518518518516 0.07760416666666667 0.2074074074074074
