11 0.9334635416666667 0.6731481481481482 0.13307291666666665 0.45092592592592595
0 0.3015625 0.4444444444444444 0.06354166666666666 0.21203703703703702
13 0.4786458333333333 0.2361111111111111 0.10989583333333333 0.17222222222222222
15 0.5895833333333333 0.5592592592592592 0.1 0.18055555555555555
16 0.49166666666666664 0.39444444444444443 0.08333333333333333 0.1638888888888889
17 0.3921875 0.6611111111111111 0.0703125 0.13148148148148148
17 0.5041666666666667 0.48333333333333334 0.14791666666666667 0.21388888888888888
1 0.5729166666666666 0.21574074074074073 0.09375 0.125
18 0.68125 0.3851851851851852 0.09375 0.14537037037037037
4 0.5359375 0.687037037037037 0.0625 0.08888888888888889
