6 0.2786458333333333 0.9738425925925926 0.046875 0.052314814814814814
2 0.8328125 0.6 0.2015625 0.5481481481481482
9 0.14322916666666666 0.5296296296296297 0.0625 0.1388888888888889
0 0.9821614583333333 0.11481481481481481 0.035677083333333304 0.20925925925925926
9 0.159375 0.1712962962962963 0.053125 0.07592592592592592
18 0.05520833333333333 0.5675925925925925 0.11041666666666666 0.14074074074074075
19 0.1890625 0.30648148148148147 0.0984375 0.2111111111111111
4 0.03372395833333333 0.4537037037037037 0.06744791666666666 0.11481481481481481
2 0.28229166666666666 0.49074074074074076 0.21927083333333333 0.5268518518518519
0 0.478125 0.8814814814814815 0.06197916666666667 0.17777777777777778
11 0.9333333333333333 0.1502314814814815 0.1333333333333333 0.300462962962963
7 0.284375 0.41759259259259257 0.090625 0.09722222222222222
