19 0.33177083333333335 0.8833333333333333 0.11979166666666667 0.1925925925925926
2 0.5494791666666666 0.8090277777777778 0.184375 0.3819444444444444
14 0.36666666666666664 0.9314814814814815 0.04114583333333333 0.08703703703703704
6 0.1390625 0.4027777777777778 0.0921875 0.20462962962962963
0 0.7645833333333333 0.29814814814814816 0.0828125 0.2824074074074074
11 0.8442708333333333 0.23333333333333334 0.184375 0.4666666666666667
10 0.275 0.48148148148148145 0.0890625 0.16018518518518518
4 0.5057291666666667 0.7518518518518519 0.08229166666666667 0.14629629629629629
2 0.6526041666666667 0.13171296296296298 0.16458333333333333 0.26342592592592595
4 0.4786458333333333 0.6537037037037037 0.0734375 0.08703703703703704
14 0.3776041666666667 0.7981481481481482 0.0796875 0.1824074074074074
