10 0.47239583333333335 0.2074074074074074 0.1484375 0.2638888888888889
12 0.5625 0.549074074074074 0.071875 0.15925925925925927
12 0.5567708333333333 0.3425925925925926 0.058854166666666666 0.16574074074074074
6 0.54375 0.5166666666666667 0.1375 0.14351851851851852
2 0.490625 0.8069444444444445 0.16197916666666667 0.3861111111111112
2 0.056380208333333334 0.4601851851851852 0.11276041666666667 0.5916666666666667
0 0.6432291666666666 0.6166666666666667 0.10520833333333333 0.1685185185185185
0 0.034375 0.2574074074074074 0.06875 0.18518518518518517
3 0.53125 0.03912037037037037 0.0765625 0.07824074074074074
0 0.34791666666666665 0.1 0.109375 0.18518518518518517
8 0.7588541666666667 0.9476851851851852 0.11822916666666666 0.10462962962962963
