1 0.4005208333333333 0.5990740740740741 0.0546875 0.1935185185185185
12 0.31979166666666664 0.5 0.08854166666666667 0.13518518518518519
13 0.5833333333333334 0.13796296296296295 0.0984375 0.13518518518518519
4 0.6395833333333333 0.2101851851851852 0.09791666666666667 0.1175925925925926
19 0.5322916666666667 0.23425925925925925 0.059375 0.11481481481481481
4 0.39479166666666665 0.5444444444444444 0.05677083333333333 0.13148148148148148
2 0.4109375 0.6398148148148148 0.16979166666666667 0.4638888888888889
10 0.4666666666666667 0.2462962962962963 0.11458333333333333 0.20462962962962963
0 0.7630208333333334 0.06805555555555556 0.071875 0.13611111111111113
15 0.45364583333333336 0.4740740740740741 0.12395833333333334 0.125
