10 0.559375 0.1574074074074074 0.07291666666666667 0.12685185185185185
14 0.8182291666666667 0.16111111111111112 0.0796875 0.13518518518518519
4 0.6864583333333333 0.6129629629629629 0.12291666666666666 0.21944444444444444
15 0.734375 0.41944444444444445 0.11770833333333333 0.2222222222222222
4 0.7072916666666667 0.43425925925925923 0.11614583333333334 0.2222222222222222
2 0.926953125 0.788888888888889 0.14609375000000002 0.42222222222222217
18 0.7036458333333333 0.5388888888888889 0.06458333333333334 0.11388888888888889
15 0.48072916666666665 0.49907407407407406 0.12708333333333333 0.17962962962962964
0 0.1625 0.12962962962962962 0.14166666666666666 0.18888888888888888
0 0.06145833333333333 0.08055555555555556 0.0625 0.16111111111111112
