9 0.05364583333333333 0.7129629629629629 0.05260416666666667 0.11388888888888889
3 0.19739583333333333 0.5722222222222222 0.0875 0.1037037037037037
11 0.13177083333333334 0.28194444444444444 0.203125 0.5638888888888889
0 0.5541666666666667 0.5287037037037037 0.04895833333333333 0.17962962962962964
16 0.3333333333333333 0.8037037037037037 0.09270833333333334 0.22870370370370371
8 0.24895833333333334 0.5111111111111111 0.08697916666666666 0.1638888888888889
18 0.48854166666666665 0.6935185185185185 0.08645833333333333 0.14722222222222223
19 0.2786458333333333 0.27314814814814814 0.09375 0.18611111111111112
11 0.8338541666666667 0.3074074074074074 0.17239583333333333 0.475
0 0.5307291666666667 0.5259259259259259 0.10989583333333333 0.24259259259259258
17 0.20729166666666668 0.7138888888888889 0.1234375 0.1527777777777778
