18 0.4895833333333333 0.5574074074074075 0.09010416666666667 0.12129629629629629
15 0.5296875 0.35833333333333334 0.07135416666666666 0.17685185185185184
1 0.80625 0.27037037037037037 0.08177083333333333 0.19444444444444445
5 0.4734375 0.28425925925925927 0.0453125 0.07314814814814814
11 0.28854166666666664 0.30648148148148147 0.18854166666666666 0.46296296296296297
17 0.2609375 0.31296296296296294 0.09947916666666666 0.18796296296296297
1 0.1140625 0.30925925925925923 0.10260416666666666 0.12222222222222222
2 0.09140625 0.5351851851851852 0.1828125 0.6351851851851852
12 0.31979166666666664 0.32037037037037036 0.053125 0.11574074074074074
14 0.45364583333333336 0.45 0.078125 0.10277777777777777
