2 0.5890625 0.712037037037037 0.15260416666666668 0.4527777777777778
3 0.29375 0.6018518518518519 0.0875 0.11574074074074074
9 0.28125 0.40925925925925927 0.10260416666666666 0.14537037037037037
4 0.41510416666666666 0.8333333333333334 0.0765625 0.12129629629629629
1 0.6973958333333333 0.09189814814814815 0.06822916666666666 0.1837962962962963
11 0.22447916666666667 0.3472222222222222 0.15625 0.4361111111111111
2 0.653125 0.32592592592592595 0.16666666666666666 0.612037037037037
4 0.4765625 0.8055555555555556 0.06770833333333333 0.14351851851851852
5 0.4171875 0.15833333333333333 0.06145833333333333 0.15
7 0.39739583333333334 0.5953703703703703 0.0578125 0.1
12 0.36302083333333335 0.7 0.05520833333333333 0.1037037037037037
0 0.6052083333333333 0.8425925925925926 0.05 0.18796296296296297
