0 0.6682291666666667 0.3333333333333333 0.0734375 0.22037037037037038
0 0.7364583333333333 0.2611111111111111 0.08645833333333333 0.2601851851851852
12 0.4046875 0.24351851851851852 0.09739583333333333 0.1574074074074074
19 0.2546875 0.7222222222222222 0.09947916666666666 0.13333333333333333
12 0.184375 0.4787037037037037 0.05416666666666667 0.1175925925925926
19 0.2796875 0.3314814814814815 0.14583333333333334 0.23425925925925925
0 0.16145833333333334 0.21481481481481482 0.1625 0.2212962962962963
7 0.32916666666666666 0.6444444444444445 0.052083333333333336 0.07777777777777778
16 0.36041666666666666 0.37777777777777777 0.08645833333333333 0.17037037037037037
11 0.371875 0.2013888888888889 0.1390625 0.4027777777777778
