7 0.6744791666666666 0.3712962962962963 0.08020833333333334 0.17222222222222222
2 0.94140625 0.3731481481481482 0.1171875 0.4925925925925926
0 0.7802083333333333 0.7231481481481481 0.0484375 0.22777777777777777
0 0.7703125 0.07893518518518519 0.06770833333333333 0.15787037037037038
3 0.36354166666666665 0.37037037037037035 0.04583333333333333 0.10462962962962963
17 0.5416666666666666 0.387037037037037 0.06302083333333333 0.12962962962962962
2 0.875 0.7768518518518519 0.19114583333333332 0.4462962962962963
16 0.603125 0.5481481481481482 0.07395833333333333 0.21388888888888888
0 0.42135416666666664 0.38333333333333336 0.14166666666666666 0.31296296296296294
11 0.765625 0.725925925925926 0.15833333333333333 0.4638888888888889
