5 0.5588541666666667 0.6425925925925926 0.065625 0.11944444444444445
10 0.5447916666666667 0.5777777777777777 0.128125 0.2064814814814815
0 0.5020833333333333 0.3314814814814815 0.07135416666666666 0.16111111111111112
18 0.5338541666666666 0.6694444444444444 0.07552083333333333 0.15462962962962962
13 0.5692708333333333 0.27314814814814814 0.06875 0.11018518518518519
7 0.2989583333333333 0.7425925925925926 0.08802083333333334 0.08796296296296297
1 0.8895833333333333 0.2851851851851852 0.0609375 0.23703703703703705
1 0.9296875 0.04583333333333334 0.053125 0.09166666666666667
6 0.37135416666666665 0.28888888888888886 0.08072916666666667 0.1712962962962963
10 0.46197916666666666 0.9046296296296297 0.09322916666666667 0.19074074074074077
