11 0.044140625 0.36203703703703705 0.08828125 0.4203703703703704
1 0.16041666666666668 0.9009259259259259 0.11770833333333333 0.11296296296296296
5 0.1578125 0.7092592592592593 0.07760416666666667 0.13240740740740742
11 0.035416666666666666 0.2861111111111111 0.07083333333333333 0.4185185185185185
4 0.2520833333333333 0.37962962962962965 0.10729166666666666 0.18611111111111112
6 0.28125 0.5398148148148149 0.11458333333333333 0.1638888888888889
6 0.23385416666666667 0.10555555555555556 0.14583333333333334 0.1685185185185185
0 0.8666666666666667 0.0962962962962963 0.10572916666666667 0.17037037037037037
11 0.5125 0.16527777777777777 0.159375 0.33055555555555555
10 0.1328125 0.775 0.10572916666666667 0.1175925925925926
6 0.11822916666666666 0.30185185185185187 0.10104166666666667 0.25
