8 0.7088541666666667 0.30833333333333335 0.1046875 0.18333333333333332
1 0.8072916666666666 0.9268518518518518 0.0734375 0.14629629629629637
15 0.7520833333333333 0.1 0.090625 0.125
11 0.7604166666666666 0.34074074074074073 0.16302083333333334 0.4398148148148148
11 0.225 0.8173611111111111 0.16302083333333334 0.3652777777777778
5 0.5953125 0.6166666666666667 0.07291666666666667 0.13425925925925927
4 0.534375 0.7759259259259259 0.07708333333333334 0.17685185185185184
0 0.8453125 0.29444444444444445 0.1015625 0.19537037037037036
4 0.9208333333333333 0.5157407407407407 0.0546875 0.07222222222222222
2 0.7385416666666667 0.37962962962962965 0.203125 0.49444444444444446
