11 0.08880208333333334 0.7569444444444444 0.17760416666666667 0.48611111111111105
13 0.8869791666666667 0.6518518518518519 0.07916666666666666 0.13240740740740742
1 0.3302083333333333 0.12777777777777777 0.065625 0.14444444444444443
4 0.6973958333333333 0.38333333333333336 0.06041666666666667 0.125
0 0.9516927083333333 0.412962962962963 0.09661458333333328 0.18055555555555555
3 0.8921875 0.7574074074074074 0.06666666666666667 0.15185185185185185
18 0.8598958333333333 0.10925925925925926 0.06145833333333333 0.1037037037037037
9 0.9697916666666666 0.5546296296296296 0.060416666666666674 0.125
4 0.8635416666666667 0.6583333333333333 0.06822916666666666 0.1037037037037037
19 0.865625 0.2962962962962963 0.1375 0.2037037037037037
