4 0.9015625 0.287962962962963 0.057291666666666664 0.12222222222222222
10 0.7098958333333333 0.3148148148148148 0.0859375 0.16203703703703703
7 0.6421875 0.2388888888888889 0.07916666666666666 0.18703703703703703
15 0.5947916666666667 0.29444444444444445 0.16041666666666668 0.27037037037037037
19 0.7151041666666667 0.28703703703703703 0.11302083333333333 0.23055555555555557
11 0.07916666666666666 0.7710648148148148 0.15833333333333333 0.45787037037037037
11 0.7520833333333333 0.6747685185185185 0.2713541666666667 0.650462962962963
1 0.5807291666666666 0.5222222222222223 0.121875 0.19444444444444445
0 0.0453125 0.8518518518518519 0.08385416666666666 0.1638888888888889
2 0.05768229166666667 0.3824074074074074 0.11536458333333334 0.5611111111111111
1 0.36302083333333335 0.31851851851851853 0.128125 0.13055555555555556
