2 0.6838541666666667 0.14375 0.1515625 0.2875
12 0.7151041666666667 0.8564814814814815 0.10520833333333333 0.18888888888888888
3 0.7953125 0.7055555555555556 0.0625 0.17222222222222222
18 0.659375 0.5694444444444444 0.09114583333333333 0.15462962962962962
9 0.49635416666666665 0.7074074074074074 0.07864583333333333 0.15833333333333333
19 0.35260416666666666 0.7231481481481481 0.08125 0.1398148148148148
8 0.7473958333333334 0.812962962962963 0.1078125 0.16203703703703703
11 0.8916666666666667 0.21875 0.20989583333333334 0.4375
10 0.60625 0.7111111111111111 0.10572916666666667 0.24259259259259258
2 0.09427083333333333 0.5898148148148148 0.178125 0.4787037037037037
0 0.036848958333333334 0.8203703703703704 0.07369791666666667 0.21944444444444444
