3 0.3140625 0.34444444444444444 0.07395833333333333 0.19537037037037036
2 0.4171875 0.7858796296296297 0.2046875 0.4282407407407407
8 0.49166666666666664 0.5268518518518519 0.07864583333333333 0.11666666666666667
8 0.3015625 0.3333333333333333 0.09791666666666667 0.1287037037037037
6 0.38125 0.2564814814814815 0.16770833333333332 0.21203703703703702
19 0.2703125 0.3287037037037037 0.1046875 0.22407407407407406
6 0.4125 0.32314814814814813 0.128125 0.1787037037037037
0 0.15 0.674074074074074 0.1453125 0.25
11 0.38229166666666664 0.2824074074074074 0.19427083333333334 0.4685185185185185
0 0.1046875 0.4935185185185185 0.14270833333333333 0.22592592592592592
2 0.4979166666666667 0.2099537037037037 0.15364583333333334 0.4199074074074074
