8 0.21041666666666667 0.3194444444444444 0.06145833333333333 0.10462962962962963
11 0.140625 0.5370370370370371 0.18541666666666667 0.47685185185185186
19 0.4270833333333333 0.5583333333333333 0.1515625 0.24722222222222223
11 0.5609375 0.8111111111111111 0.1734375 0.37777777777777777
11 0.7645833333333333 0.7928240740740741 0.16614583333333333 0.41435185185185186
12 0.38645833333333335 0.32685185185185184 0.08489583333333334 0.11944444444444445
19 0.3380208333333333 0.43148148148148147 0.13697916666666668 0.21574074074074073
0 0.2604166666666667 0.6472222222222223 0.08020833333333334 0.15092592592592594
15 0.25 0.3675925925925926 0.1140625 0.22685185185185186
5 0.1828125 0.6425925925925926 0.049479166666666664 0.11851851851851852
8 0.23489583333333333 0.3925925925925926 0.13125 0.22870370370370371
