1 0.575 0.3509259259259259 0.07604166666666666 0.13240740740740742
0 0.775 0.5694444444444444 0.11927083333333334 0.2962962962962963
11 0.93046875 0.7701388888888889 0.13906249999999998 0.45972222222222225
11 0.18333333333333332 0.7490740740740741 0.20104166666666667 0.5018518518518518
6 0.29270833333333335 0.775 0.10208333333333333 0.14351851851851852
18 0.3765625 0.7620370370370371 0.05520833333333333 0.10925925925925926
9 0.11875 0.7203703703703703 0.09166666666666666 0.12037037037037036
8 0.2864583333333333 0.6546296296296297 0.08802083333333334 0.13333333333333333
2 0.35 0.36203703703703705 0.19010416666666666 0.5037037037037037
15 0.22604166666666667 0.11666666666666667 0.07916666666666666 0.14722222222222223
15 0.4166666666666667 0.5416666666666666 0.115625 0.18333333333333332
1 0.6625 0.44814814814814813 0.04739583333333333 0.08055555555555556
16 0.18229166666666666 0.6342592592592593 0.09322916666666667 0.12685185185185185
