0 0.03958333333333333 0.5925925925925926 0.07916666666666666 0.15092592592592594
7 0.7864583333333334 0.2101851851851852 0.0640625 0.20092592592592592
1 0.2578125 0.05578703703703704 0.13854166666666667 0.11157407407407408
13 0.60625 0.32314814814814813 0.1234375 0.1787037037037037
0 0.6671875 0.35462962962962963 0.09010416666666667 0.18611111111111112
3 0.7130208333333333 0.2574074074074074 0.052083333333333336 0.09351851851851851
13 0.684375 0.5398148148148149 0.06458333333333334 0.09907407407407408
5 0.6359375 0.475 0.0578125 0.12314814814814815
18 0.5005208333333333 0.5768518518518518 0.08385416666666666 0.14907407407407408
9 0.46041666666666664 0.3 0.05520833333333333 0.1037037037037037
