6 0.5916666666666667 0.1111111111111111 0.14895833333333333 0.18333333333333332
0 0.7328125 0.44907407407407407 0.14427083333333332 0.23425925925925925
5 0.575 0.6333333333333333 0.1015625 0.1648148148148148
0 0.3921875 0.30185185185185187 0.09479166666666666 0.3537037037037037
7 0.5390625 0.7953703703703704 0.06041666666666667 0.1287037037037037
15 0.675 0.637962962962963 0.0953125 0.21481481481481482
5 0.5427083333333333 0.5351851851851852 0.09583333333333334 0.15648148148148147
17 0.490625 0.6 0.10104166666666667 0.18333333333333332
0 0.190625 0.24537037037037038 0.0703125 0.20462962962962963
14 0.45 0.5083333333333333 0.07708333333333334 0.12407407407407407
2 0.9261718750000001 0.22546296296296298 0.14765624999999993 0.45092592592592595
