16 0.346875 0.3851851851851852 0.08697916666666666 0.15462962962962962
2 0.4010416666666667 0.22662037037037036 0.16197916666666667 0.4532407407407407
2 0.18125 0.7599537037037036 0.20885416666666667 0.4800925925925926
0 0.6109375 0.4740740740740741 0.07916666666666666 0.15
2 0.16822916666666668 0.7671296296296296 0.17239583333333333 0.4657407407407408
14 0.3234375 0.39537037037037037 0.07708333333333334 0.11018518518518519
13 0.3104166666666667 0.6287037037037037 0.11145833333333334 0.17037037037037037
18 0.24166666666666667 0.31851851851851853 0.059895833333333336 0.10092592592592593
18 0.25 0.6407407407407407 0.05520833333333333 0.07685185185185185
5 0.26927083333333335 0.675 0.0640625 0.1425925925925926
