0 0.7677083333333333 0.6157407407407407 0.12083333333333333 0.29074074074074074
19 0.1796875 0.549074074074074 0.14166666666666666 0.20833333333333334
2 0.17708333333333334 0.7787037037037037 0.15260416666666668 0.44259259259259265
0 0.6104166666666667 0.8944444444444444 0.09166666666666666 0.21111111111111114
18 0.4005208333333333 0.5231481481481481 0.084375 0.16296296296296298
3 0.3026041666666667 0.5657407407407408 0.06822916666666666 0.08611111111111111
17 0.4359375 0.10092592592592593 0.07552083333333333 0.14537037037037037
16 0.31354166666666666 0.42407407407407405 0.08489583333333334 0.15
11 0.5322916666666667 0.35185185185185186 0.14895833333333333 0.43333333333333335
6 0.040234375 0.8009259259259259 0.08046875 0.11296296296296296
0 0.9302083333333333 0.12268518518518519 0.10520833333333333 0.24537037037037038
