2 0.5416666666666666 0.8738425925925926 0.16770833333333332 0.2523148148148149
12 0.5020833333333333 0.3907407407407407 0.078125 0.09074074074074075
15 0.46510416666666665 0.6777777777777778 0.1328125 0.2564814814814815
7 0.14166666666666666 0.6481481481481481 0.06041666666666667 0.12962962962962962
14 0.25625 0.5555555555555556 0.065625 0.12314814814814815
5 0.48802083333333335 0.7046296296296296 0.09010416666666667 0.14907407407407408
3 0.27239583333333334 0.6324074074074074 0.07239583333333334 0.16944444444444445
2 0.340625 0.5592592592592592 0.14322916666666666 0.41574074074074074
0 0.484375 0.09652777777777777 0.1390625 0.19305555555555554
0 0.26927083333333335 0.892824074074074 0.05572916666666667 0.2143518518518519
