10 0.2833333333333333 0.4009259259259259 0.1375 0.21296296296296297
1 0.6911458333333333 0.6620370370370371 0.06614583333333333 0.14444444444444443
16 0.34322916666666664 0.6361111111111111 0.065625 0.10833333333333334
11 0.24270833333333333 0.7969907407407407 0.1640625 0.40601851851851856
2 0.7708333333333334 0.8465277777777778 0.1421875 0.30694444444444446
6 0.4984375 0.37777777777777777 0.0890625 0.1425925925925926
1 0.06458333333333334 0.09444444444444444 0.08125 0.10648148148148148
5 0.44895833333333335 0.4564814814814815 0.0609375 0.09907407407407408
16 0.4395833333333333 0.6666666666666666 0.090625 0.09444444444444444
16 0.5328125 0.6342592592592593 0.0703125 0.09351851851851851
