2 0.6 0.587037037037037 0.203125 0.6185185185185185
13 0.3953125 0.28703703703703703 0.0703125 0.13148148148148148
14 0.34479166666666666 0.6074074074074074 0.071875 0.07685185185185185
1 0.54375 0.4898148148148148 0.10416666666666667 0.16111111111111112
8 0.5 0.5120370370370371 0.10572916666666667 0.15
16 0.5302083333333333 0.34444444444444444 0.09427083333333333 0.15833333333333333
15 0.5770833333333333 0.4824074074074074 0.1234375 0.1648148148148148
15 0.5854166666666667 0.2712962962962963 0.08177083333333333 0.18981481481481483
11 0.07239583333333334 0.23703703703703705 0.13020833333333334 0.39537037037037037
17 0.6375 0.5148148148148148 0.07447916666666667 0.15092592592592594
