0 0.5447916666666667 0.9055555555555556 0.090625 0.1259259259259259
8 0.42291666666666666 0.42314814814814816 0.11770833333333333 0.16296296296296298
0 0.9442708333333333 0.9458333333333333 0.0703125 0.10833333333333328
2 0.8614583333333333 0.26851851851851855 0.146875 0.44907407407407407
5 0.34739583333333335 0.3416666666666667 0.06875 0.13148148148148148
11 0.5395833333333333 0.7898148148148149 0.12916666666666668 0.39351851851851855
4 0.32916666666666666 0.44166666666666665 0.0625 0.11666666666666667
4 0.2671875 0.7185185185185186 0.0890625 0.11944444444444445
8 0.38229166666666664 0.5768518518518518 0.07760416666666667 0.1361111111111111
15 0.2953125 0.32407407407407407 0.04739583333333333 0.09166666666666666
11 0.15416666666666667 0.34444444444444444 0.178125 0.4564814814814815
