7 0.5515625 0.687962962962963 0.11354166666666667 0.11851851851851852
5 0.37916666666666665 0.38055555555555554 0.0640625 0.13148148148148148
11 0.16927083333333334 0.23680555555555555 0.1953125 0.4736111111111111
7 0.35260416666666666 0.5083333333333333 0.09270833333333334 0.1175925925925926
11 0.4 0.6814814814814815 0.14427083333333332 0.5722222222222222
8 0.49947916666666664 0.40370370370370373 0.11354166666666667 0.16296296296296298
10 0.4421875 0.5055555555555555 0.071875 0.1361111111111111
11 0.6484375 0.837037037037037 0.14479166666666668 0.32592592592592595
12 0.5052083333333334 0.44722222222222224 0.10052083333333334 0.1685185185185185
1 0.3 0.5333333333333333 0.13489583333333333 0.15092592592592594
