19 0.37864583333333335 0.40370370370370373 0.128125 0.22592592592592592
13 0.49583333333333335 0.49444444444444446 0.09791666666666667 0.1527777777777778
1 0.6036458333333333 0.1087962962962963 0.09166666666666666 0.2175925925925926
4 0.134375 0.3 0.1046875 0.1935185185185185
8 0.47604166666666664 0.3787037037037037 0.078125 0.12777777777777777
0 0.7020833333333333 0.3351851851851852 0.09375 0.1675925925925926
6 0.3078125 0.7194444444444444 0.10572916666666667 0.20462962962962963
14 0.40572916666666664 0.19722222222222222 0.10052083333333334 0.14907407407407408
4 0.6416666666666667 0.7231481481481481 0.071875 0.12222222222222222
1 0.09166666666666666 0.0375 0.09739583333333333 0.075
