11 0.909375 0.18009259259259258 0.18125000000000002 0.36018518518518516
0 0.7697916666666667 0.6657407407407407 0.0890625 0.19166666666666668
15 0.4546875 0.8833333333333333 0.15520833333333334 0.18333333333333332
9 0.4921875 0.912037037037037 0.14739583333333334 0.17592592592592604
11 0.5114583333333333 0.5861111111111111 0.23854166666666668 0.5259259259259259
0 0.8239583333333333 0.28055555555555556 0.06614583333333333 0.18703703703703703
4 0.4578125 0.7046296296296296 0.0796875 0.1361111111111111
13 0.40989583333333335 0.4305555555555556 0.05260416666666667 0.06666666666666667
2 0.5125 0.38981481481481484 0.19479166666666667 0.49907407407407406
0 0.8015625 0.11666666666666667 0.07135416666666666 0.15185185185185185
