5 0.3614583333333333 0.09814814814814815 0.09791666666666667 0.13148148148148148
10 0.25729166666666664 0.7490740740740741 0.1078125 0.2101851851851852
14 0.5010416666666667 0.6953703703703704 0.05260416666666667 0.13148148148148148
0 0.8302083333333333 0.9398148148148148 0.0875 0.10648148148148148
0 0.12395833333333334 0.34629629629629627 0.1125 0.20555555555555555
16 0.39114583333333336 0.675 0.05416666666666667 0.10833333333333334
15 0.13385416666666666 0.2064814814814815 0.128125 0.24074074074074073
0 0.5953125 0.14444444444444443 0.07083333333333333 0.23055555555555557
4 0.3885416666666667 0.5324074074074074 0.0953125 0.14351851851851852
5 0.23802083333333332 0.6 0.0828125 0.18333333333333332
2 0.03723958333333333 0.8270833333333333 0.07447916666666667 0.34583333333333344
