2 0.47708333333333336 0.18217592592592594 0.1765625 0.36435185185185187
3 0.38125 0.6777777777777778 0.08541666666666667 0.11574074074074074
19 0.5203125 0.6527777777777778 0.09947916666666666 0.13425925925925927
5 0.24479166666666666 0.44907407407407407 0.1015625 0.1685185185185185
0 0.2526041666666667 0.8490740740740741 0.14791666666666667 0.21296296296296297
19 0.06015625 0.05254629629629629 0.1203125 0.10509259259259258
1 0.434375 0.7509259259259259 0.08697916666666666 0.23333333333333334
16 0.20208333333333334 0.31203703703703706 0.11770833333333333 0.23055555555555557
11 0.8630208333333333 0.7414351851851853 0.20208333333333334 0.5171296296296296
17 0.3234375 0.6518518518518519 0.12135416666666667 0.1824074074074074
