8 0.40729166666666666 0.4759259259259259 0.04791666666666667 0.09444444444444444
18 0.33125 0.3861111111111111 0.0703125 0.12314814814814815
12 0.24322916666666666 0.6148148148148148 0.04739583333333333 0.1388888888888889
19 0.375 0.4064814814814815 0.07239583333333334 0.1425925925925926
18 0.4203125 0.6833333333333333 0.0703125 0.1398148148148148
11 0.5125 0.5898148148148148 0.14270833333333333 0.5175925925925926
2 0.7770833333333333 0.5953703703703703 0.15520833333333334 0.5231481481481481
2 0.21822916666666667 0.1685185185185185 0.20416666666666666 0.337037037037037
3 0.44375 0.6509259259259259 0.1046875 0.15
0 0.050520833333333334 0.4824074074074074 0.0625 0.23425925925925925
