11 0.8291666666666667 0.6259259259259259 0.1578125 0.462037037037037
9 0.1203125 0.5944444444444444 0.07395833333333333 0.16203703703703703
11 0.9368489583333333 0.7231481481481481 0.12630208333333337 0.4564814814814815
0 0.15989583333333332 0.43333333333333335 0.11822916666666666 0.23981481481481481
6 0.1640625 0.412962962962963 0.09010416666666667 0.1685185185185185
5 0.5015625 0.7351851851851852 0.078125 0.1962962962962963
0 0.15260416666666668 0.8787037037037037 0.09739583333333333 0.20555555555555555
17 0.4166666666666667 0.40370370370370373 0.08125 0.10925925925925926
11 0.9027343750000001 0.806712962962963 0.19453124999999993 0.38657407407407396
16 0.10833333333333334 0.4583333333333333 0.06145833333333333 0.07685185185185185
