2 0.39739583333333334 0.8196759259259259 0.1671875 0.3606481481481483
0 0.6296875 0.8555555555555555 0.11302083333333333 0.25092592592592594
3 0.45729166666666665 0.7138888888888889 0.05364583333333333 0.12777777777777777
5 0.5703125 0.4824074074074074 0.0734375 0.14166666666666666
9 0.3223958333333333 0.2611111111111111 0.08229166666666667 0.18796296296296297
18 0.11822916666666666 0.30185185185185187 0.05520833333333333 0.12314814814814815
2 0.6421875 0.3074074074074074 0.21145833333333333 0.5268518518518519
2 0.2713541666666667 0.6064814814814815 0.1359375 0.4888888888888889
15 0.5239583333333333 0.262037037037037 0.08958333333333333 0.14444444444444443
10 0.46458333333333335 0.5305555555555556 0.14895833333333333 0.31666666666666665
0 0.13854166666666667 0.6342592592592593 0.11510416666666666 0.20185185185185187
13 0.5052083333333334 0.950925925925926 0.10416666666666667 0.0981481481481481
