1 0.8130208333333333 0.2916666666666667 0.0625 0.23333333333333334
2 0.49114583333333334 0.2775462962962963 0.20885416666666667 0.5550925925925926
10 0.33125 0.5416666666666666 0.08958333333333333 0.1712962962962963
5 0.19947916666666668 0.6472222222222223 0.06354166666666666 0.1388888888888889
11 0.050130208333333336 0.3574074074074074 0.10026041666666667 0.5064814814814815
0 0.26510416666666664 0.8046296296296296 0.1546875 0.19814814814814816
19 0.47708333333333336 0.5527777777777778 0.128125 0.21574074074074073
11 0.3953125 0.8384259259259259 0.17239583333333333 0.3231481481481482
15 0.325 0.6351851851851852 0.1078125 0.23796296296296296
7 0.28229166666666666 0.43148148148148147 0.071875 0.17314814814814813
17 0.28177083333333336 0.41944444444444445 0.06666666666666667 0.11666666666666667
19 0.26510416666666664 0.5777777777777777 0.0765625 0.11574074074074074
