2 0.10885416666666667 0.8083333333333333 0.184375 0.3833333333333333
2 0.5958333333333333 0.7842592592592592 0.13229166666666667 0.4314814814814816
14 0.4739583333333333 0.6675925925925926 0.06354166666666666 0.15833333333333333
8 0.2203125 0.38796296296296295 0.0609375 0.10740740740740741
4 0.4822916666666667 0.899074074074074 0.06458333333333334 0.11481481481481481
0 0.9026041666666667 0.6222222222222222 0.08697916666666666 0.262037037037037
2 0.1890625 0.22337962962962962 0.16145833333333334 0.44675925925925924
16 0.25 0.65 0.059895833333333336 0.14351851851851852
0 0.9067708333333333 0.25462962962962965 0.07864583333333333 0.21574074074074073
10 0.2520833333333333 0.912037037037037 0.14791666666666667 0.17592592592592593
0 0.8645833333333334 0.8037037037037037 0.08645833333333333 0.12314814814814815
5 0.44635416666666666 0.6620370370370371 0.096875 0.1388888888888889
