1 0.66875 0.22037037037037038 0.11927083333333334 0.18055555555555555
10 0.18697916666666667 0.6851851851851852 0.16197916666666667 0.2518518518518518
14 0.11510416666666666 0.3 0.0953125 0.1398148148148148
8 0.019401041666666667 0.49907407407407406 0.038802083333333334 0.1
15 0.109375 0.6787037037037037 0.08541666666666667 0.14814814814814814
11 0.6088541666666667 0.22800925925925924 0.16197916666666667 0.4560185185185185
17 0.3203125 0.537962962962963 0.11041666666666666 0.21388888888888888
0 0.2604166666666667 0.45 0.07552083333333333 0.23703703703703705
0 0.6692708333333334 0.20555555555555555 0.08229166666666667 0.20185185185185187
3 0.43697916666666664 0.4537037037037037 0.0890625 0.10185185185185185
