13 0.43072916666666666 0.7194444444444444 0.0984375 0.13333333333333333
7 0.3026041666666667 0.2222222222222222 0.06875 0.07222222222222222
0 0.03020833333333333 0.2388888888888889 0.06041666666666666 0.24351851851851852
2 0.275 0.637962962962963 0.21302083333333333 0.5111111111111111
2 0.5583333333333333 0.8236111111111111 0.1640625 0.35277777777777775
17 0.4322916666666667 0.29444444444444445 0.07916666666666666 0.11388888888888889
2 0.2911458333333333 0.16944444444444445 0.1625 0.3388888888888889
9 0.45416666666666666 0.24537037037037038 0.07239583333333334 0.1361111111111111
5 0.26197916666666665 0.15462962962962962 0.09114583333333333 0.14537037037037037
8 0.3880208333333333 0.5611111111111111 0.04635416666666667 0.1037037037037037
