1 0.44427083333333334 0.05185185185185186 0.1015625 0.10370370370370371
8 0.853125 0.49074074074074076 0.13645833333333332 0.2101851851851852
5 0.8416666666666667 0.22777777777777777 0.08020833333333334 0.08333333333333333
8 0.7390625 0.7796296296296297 0.052083333333333336 0.10740740740740741
9 0.959375 0.6527777777777778 0.06927083333333334 0.10925925925925926
15 0.921875 0.2972222222222222 0.08697916666666666 0.22407407407407406
15 0.7421875 0.22685185185185186 0.09479166666666666 0.10925925925925926
0 0.7838541666666666 0.10833333333333334 0.058333333333333334 0.20925925925925926
11 0.38958333333333334 0.23587962962962963 0.1765625 0.47175925925925927
10 0.8229166666666666 0.2759259259259259 0.07864583333333333 0.17777777777777778
