15 0.16666666666666666 0.3712962962962963 0.10833333333333334 0.19814814814814816
18 0.5333333333333333 0.537962962962963 0.09375 0.18055555555555555
0 0.3885416666666667 0.8490740740740741 0.12083333333333333 0.2722222222222222
11 0.6520833333333333 0.21574074074074073 0.19583333333333333 0.43148148148148147
5 0.31979166666666664 0.2564814814814815 0.059375 0.09907407407407408
0 0.26197916666666665 0.8787037037037037 0.0734375 0.23796296296296296
13 0.4671875 0.4398148148148148 0.10520833333333333 0.13518518518518519
6 0.42083333333333334 0.6675925925925926 0.10833333333333334 0.20925925925925926
16 0.13229166666666667 0.041666666666666664 0.078125 0.08333333333333333
0 0.8760416666666667 0.1175925925925926 0.08489583333333334 0.16574074074074074
