10 0.5114583333333333 0.0525462962962963 0.08333333333333333 0.1050925925925926
9 0.6822916666666666 0.36944444444444446 0.07864583333333333 0.14537037037037037
1 0.1671875 0.7777777777777778 0.08125 0.11666666666666667
1 0.584375 0.24259259259259258 0.0765625 0.11666666666666667
4 0.7078125 0.32685185185185184 0.058333333333333334 0.08981481481481482
6 0.5213541666666667 0.4398148148148148 0.12864583333333332 0.24814814814814815
1 0.4041666666666667 0.3037037037037037 0.1484375 0.23703703703703705
16 0.8411458333333334 0.3611111111111111 0.084375 0.16018518518518518
6 0.659375 0.4064814814814815 0.10625 0.23055555555555557
18 0.6385416666666667 0.18888888888888888 0.06458333333333334 0.13518518518518519
