4 0.5697916666666667 0.7611111111111111 0.08333333333333333 0.12685185185185185
14 0.4609375 0.7907407407407407 0.08125 0.13240740740740742
14 0.5479166666666667 0.3768518518518518 0.07239583333333334 0.14722222222222223
11 0.4822916666666667 0.5324074074074074 0.17239583333333333 0.44814814814814813
16 0.3536458333333333 0.4212962962962963 0.07708333333333334 0.12037037037037036
5 0.640625 0.4564814814814815 0.08177083333333333 0.13518518518518519
18 0.40208333333333335 0.4685185185185185 0.06875 0.09351851851851851
1 0.9364583333333333 0.09814814814814815 0.11614583333333334 0.14814814814814814
0 0.050520833333333334 0.2824074074074074 0.06666666666666667 0.14814814814814814
17 0.596875 0.7824074074074074 0.08229166666666667 0.1638888888888889
