8 0.2453125 0.6898148148148148 0.07291666666666667 0.11574074074074074
0 0.5822916666666667 0.3472222222222222 0.10885416666666667 0.23055555555555557
7 0.178125 0.4222222222222222 0.0875 0.15462962962962962
0 0.9734375 0.6527777777777778 0.05312499999999998 0.2462962962962963
5 0.44947916666666665 0.44814814814814813 0.03958333333333333 0.09444444444444444
2 0.14739583333333334 0.6407407407407407 0.14427083333333332 0.425
3 0.26666666666666666 0.6296296296296297 0.04583333333333333 0.1037037037037037
8 0.48385416666666664 0.562962962962963 0.06822916666666666 0.08148148148148149
2 0.7135416666666666 0.7914351851851852 0.1421875 0.41712962962962963
13 0.5197916666666667 0.6824074074074075 0.06927083333333334 0.14074074074074075
2 0.5765625 0.7759259259259259 0.16458333333333333 0.4444444444444444
