16 0.4453125 0.5037037037037037 0.12135416666666667 0.23425925925925925
13 0.6520833333333333 0.4185185185185185 0.0828125 0.14351851851851852
12 0.5651041666666666 0.3398148148148148 0.071875 0.09814814814814815
11 0.5677083333333334 0.27870370370370373 0.12447916666666667 0.5518518518518518
2 0.7213541666666666 0.33240740740740743 0.1625 0.5574074074074075
4 0.5244791666666667 0.13796296296296295 0.090625 0.16203703703703703
14 0.5802083333333333 0.5138888888888888 0.096875 0.1537037037037037
2 0.8645833333333334 0.16226851851851853 0.15989583333333332 0.32453703703703707
0 0.8411458333333334 0.7083333333333334 0.050520833333333334 0.23333333333333334
5 0.609375 0.4009259259259259 0.06822916666666666 0.1111111111111111
