2 0.89375 0.375 0.15572916666666667 0.5083333333333333
10 0.346875 0.637962962962963 0.07916666666666666 0.18055555555555555
0 0.7192708333333333 0.09421296296296297 0.0671875 0.18842592592592594
10 0.43697916666666664 0.35185185185185186 0.0953125 0.16111111111111112
0 0.4317708333333333 0.8055555555555556 0.05260416666666667 0.23981481481481481
7 0.5302083333333333 0.5148148148148148 0.06770833333333333 0.08333333333333333
14 0.34010416666666665 0.5203703703703704 0.058854166666666666 0.10185185185185185
7 0.44635416666666666 0.3925925925925926 0.08125 0.1527777777777778
14 0.48333333333333334 0.058101851851851856 0.06302083333333333 0.11620370370370371
2 0.12552083333333333 0.7784722222222222 0.1875 0.44305555555555554
6 0.4114583333333333 0.4703703703703704 0.10052083333333334 0.13240740740740742
