16 0.640625 0.44166666666666665 0.059375 0.125
12 0.5677083333333334 0.4287037037037037 0.065625 0.08333333333333333
0 0.5880208333333333 0.2796296296296296 0.08541666666666667 0.2111111111111111
3 0.5463541666666667 0.5731481481481482 0.08489583333333334 0.10185185185185185
8 0.5473958333333333 0.5685185185185185 0.08802083333333334 0.15092592592592594
4 0.778125 0.775 0.10416666666666667 0.1675925925925926
0 0.2713541666666667 0.5740740740740741 0.0640625 0.21666666666666667
11 0.948046875 0.7083333333333334 0.10390624999999998 0.5305555555555556
18 0.5447916666666667 0.6898148148148148 0.0859375 0.1388888888888889
0 0.1234375 0.600925925925926 0.058333333333333334 0.17592592592592593
2 0.5875 0.5546296296296296 0.20416666666666666 0.625
11 0.5473958333333333 0.725462962962963 0.1859375 0.549074074074074
13 0.6557291666666667 0.524074074074074 0.0890625 0.13148148148148148
