7 0.4661458333333333 0.775 0.06927083333333334 0.1638888888888889
12 0.596875 0.18888888888888888 0.042708333333333334 0.11481481481481481
8 0.34427083333333336 0.12777777777777777 0.10572916666666667 0.1648148148148148
9 0.2833333333333333 0.34444444444444444 0.115625 0.175
2 0.4078125 0.15162037037037038 0.14010416666666667 0.30324074074074076
11 0.07916666666666666 0.36203703703703705 0.15833333333333333 0.6481481481481481
0 0.034765625 0.16574074074074074 0.06953125 0.19537037037037036
2 0.18229166666666666 0.16944444444444445 0.1765625 0.3388888888888889
0 0.8244791666666667 0.3648148148148148 0.06875 0.18333333333333332
19 0.715625 0.6046296296296296 0.15572916666666667 0.2388888888888889
