3 0.390625 0.2361111111111111 0.05260416666666667 0.08148148148148149
1 0.2989583333333333 0.29907407407407405 0.11666666666666667 0.18981481481481483
11 0.5390625 0.6685185185185185 0.1328125 0.4083333333333333
0 0.1359375 0.06643518518518518 0.07708333333333334 0.13287037037037036
0 0.16197916666666667 0.8740740740740741 0.07552083333333333 0.1962962962962963
13 0.303125 0.21203703703703702 0.10260416666666666 0.15925925925925927
3 0.16302083333333334 0.44074074074074077 0.08541666666666667 0.10833333333333334
7 0.42864583333333334 0.32222222222222224 0.09739583333333333 0.1712962962962963
12 0.32447916666666665 0.49444444444444446 0.05260416666666667 0.13333333333333333
6 0.4078125 0.3416666666666667 0.0671875 0.11388888888888889
11 0.23385416666666667 0.23981481481481481 0.16822916666666668 0.47962962962962963
15 0.43072916666666666 0.4675925925925926 0.057291666666666664 0.10277777777777777
