13 0.48333333333333334 0.5907407407407408 0.06302083333333333 0.09722222222222222
12 0.325 0.18981481481481483 0.07552083333333333 0.09907407407407408
0 0.10729166666666666 0.12962962962962962 0.1015625 0.2564814814814815
11 0.07669270833333333 0.12037037037037036 0.15338541666666666 0.24074074074074073
7 0.22083333333333333 0.5768518518518518 0.06875 0.20277777777777778
8 0.42083333333333334 0.2351851851851852 0.10260416666666666 0.2074074074074074
2 0.32916666666666666 0.7074074074074074 0.13697916666666668 0.3990740740740741
13 0.4078125 0.6305555555555555 0.07083333333333333 0.11666666666666667
0 0.2760416666666667 0.26666666666666666 0.08854166666666667 0.25555555555555554
0 0.3265625 0.07268518518518519 0.08541666666666667 0.14537037037037037
