19 0.7916666666666666 0.6425925925925926 0.14010416666666667 0.26666666666666666
14 0.5177083333333333 0.8231481481481482 0.09010416666666667 0.15925925925925927
17 0.7895833333333333 0.6398148148148148 0.06875 0.14907407407407408
15 0.6963541666666667 0.3962962962962963 0.1109375 0.26851851851851855
1 0.9485677083333333 0.08333333333333333 0.10286458333333337 0.16666666666666666
4 0.5421875 0.5925925925925926 0.052083333333333336 0.09259259259259259
11 0.7875 0.3990740740740741 0.16510416666666666 0.4740740740740741
18 0.6088541666666667 0.21666666666666667 0.0546875 0.07685185185185185
0 0.63125 0.955787037037037 0.058854166666666666 0.08842592592592591
9 0.734375 0.5703703703703704 0.07135416666666666 0.15185185185185185
