0 0.13125 0.8592592592592593 0.05520833333333333 0.19074074074074074
16 0.6661458333333333 0.5037037037037037 0.09427083333333333 0.19444444444444445
2 0.25729166666666664 0.15277777777777776 0.16979166666666667 0.3055555555555555
0 0.528125 0.5055555555555555 0.075 0.28055555555555556
8 0.49114583333333334 0.675 0.09947916666666666 0.12037037037037036
9 0.41302083333333334 0.7759259259259259 0.071875 0.1287037037037037
17 0.44427083333333334 0.39166666666666666 0.08645833333333333 0.16574074074074074
14 0.43854166666666666 0.07268518518518519 0.06979166666666667 0.14537037037037037
2 0.9192708333333334 0.825925925925926 0.15572916666666667 0.3481481481481481
2 0.29375 0.7074074074074074 0.159375 0.4527777777777778
