8 0.6234375 0.30185185185185187 0.0953125 0.17777777777777778
9 0.821875 0.6666666666666666 0.10520833333333333 0.2074074074074074
11 0.39947916666666666 0.2196759259259259 0.22447916666666667 0.4393518518518518
0 0.171875 0.4009259259259259 0.06822916666666666 0.23333333333333334
18 0.6708333333333333 0.7537037037037037 0.0875 0.1574074074074074
3 0.690625 0.8425925925925926 0.058333333333333334 0.10648148148148148
4 0.9119791666666667 0.0412037037037037 0.06145833333333333 0.0824074074074074
0 0.47708333333333336 0.31851851851851853 0.08020833333333334 0.23055555555555557
16 0.8223958333333333 0.6833333333333333 0.07447916666666667 0.13240740740740742
0 0.621875 0.15833333333333333 0.13541666666666666 0.13333333333333333
