3 0.7817708333333333 0.4425925925925926 0.09166666666666666 0.14444444444444443
18 0.42083333333333334 0.5314814814814814 0.08333333333333333 0.15462962962962962
1 0.9286458333333333 0.6240740740740741 0.1203125 0.18796296296296297
18 0.6671875 0.325 0.08541666666666667 0.14444444444444443
11 0.6541666666666667 0.849537037037037 0.18854166666666666 0.30092592592592593
0 0.983203125 0.26296296296296295 0.03359375000000009 0.22407407407407406
16 0.328125 0.47314814814814815 0.08072916666666667 0.16666666666666666
11 0.07200520833333333 0.37407407407407406 0.14401041666666667 0.5296296296296297
5 0.37447916666666664 0.6259259259259259 0.06979166666666667 0.10462962962962963
3 0.46770833333333334 0.22962962962962963 0.057291666666666664 0.09907407407407408
