5 0.28854166666666664 0.8361111111111111 0.11041666666666666 0.1388888888888889
18 0.23333333333333334 0.8925925925925926 0.0765625 0.11666666666666667
0 0.34322916666666664 0.35 0.0578125 0.16666666666666666
2 0.5963541666666666 0.5194444444444445 0.18177083333333333 0.4861111111111111
0 0.8921875 0.9254629629629629 0.10625 0.14907407407407403
16 0.2552083333333333 0.4824074074074074 0.0546875 0.08425925925925926
18 0.20260416666666667 0.4759259259259259 0.09114583333333333 0.1361111111111111
2 0.8786458333333333 0.16875 0.165625 0.3375
11 0.7473958333333334 0.20949074074074076 0.1953125 0.4189814814814815
7 0.1390625 0.700925925925926 0.043229166666666666 0.08518518518518518
14 0.35 0.5638888888888889 0.12552083333333333 0.13425925925925927
