7 0.5145833333333333 0.33796296296296297 0.09947916666666666 0.11944444444444445
8 0.4140625 0.45 0.08177083333333333 0.17685185185185184
0 0.03385416666666667 0.05787037037037037 0.06770833333333334 0.11574074074074074
5 0.3776041666666667 0.637962962962963 0.057291666666666664 0.09166666666666666
2 0.13229166666666667 0.2847222222222222 0.18072916666666666 0.5694444444444444
11 0.9404947916666666 0.5638888888888889 0.11901041666666667 0.40185185185185185
1 0.26510416666666664 0.04259259259259259 0.08229166666666667 0.08518518518518518
11 0.4640625 0.725925925925926 0.1359375 0.5388888888888889
12 0.5036458333333333 0.2064814814814815 0.09010416666666667 0.19166666666666668
13 0.5958333333333333 0.12777777777777777 0.11458333333333333 0.18981481481481483
0 0.240625 0.6194444444444445 0.07604166666666666 0.22685185185185186
