8 0.1890625 0.46574074074074073 0.10208333333333333 0.12777777777777777
2 0.7078125 0.21689814814814817 0.18020833333333333 0.43379629629629635
0 0.5421875 0.7490740740740741 0.057291666666666664 0.1925925925925926
11 0.8802083333333334 0.5435185185185185 0.15729166666666666 0.5574074074074075
5 0.26145833333333335 0.5564814814814815 0.05677083333333333 0.10925925925925926
1 0.5104166666666666 0.525 0.1 0.18611111111111112
4 0.29322916666666665 0.3648148148148148 0.0734375 0.1398148148148148
10 0.3229166666666667 0.7574074074074074 0.10572916666666667 0.24814814814814815
4 0.28802083333333334 0.5546296296296296 0.06041666666666667 0.1398148148148148
17 0.33489583333333334 0.35 0.05364583333333333 0.10648148148148148
2 0.09635416666666667 0.7722222222222223 0.1484375 0.44351851851851853
