0 0.9605468749999999 0.12314814814814815 0.07890625000000007 0.17592592592592593
0 0.828125 0.9527777777777777 0.07916666666666666 0.09444444444444444
19 0.4817708333333333 0.7620370370370371 0.084375 0.12407407407407407
2 0.8661458333333333 0.15532407407407406 0.19635416666666666 0.3106481481481481
8 0.5536458333333333 0.33055555555555555 0.0859375 0.12962962962962962
0 0.6505208333333333 0.6157407407407407 0.07447916666666667 0.1712962962962963
2 0.11927083333333334 0.1599537037037037 0.17447916666666666 0.3199074074074074
4 0.5359375 0.7546296296296297 0.10052083333333334 0.2037037037037037
13 0.47552083333333334 0.7379629629629629 0.08645833333333333 0.1287037037037037
15 0.4010416666666667 0.2740740740740741 0.12083333333333333 0.2175925925925926
