11 0.7682291666666666 0.47129629629629627 0.21614583333333334 0.5416666666666666
11 0.06861979166666667 0.2328703703703704 0.13723958333333333 0.4657407407407408
1 0.9145833333333333 0.7333333333333333 0.1375 0.175
10 0.7036458333333333 0.5351851851851852 0.14322916666666666 0.2814814814814815
13 0.4510416666666667 0.4 0.0671875 0.14722222222222223
5 0.4515625 0.41574074074074074 0.0515625 0.08703703703703704
0 0.41354166666666664 0.8546296296296296 0.11145833333333334 0.23703703703703705
4 0.553125 0.3675925925925926 0.10052083333333334 0.1527777777777778
17 0.46458333333333335 0.5962962962962963 0.0828125 0.17592592592592593
7 0.6760416666666667 0.49537037037037035 0.07135416666666666 0.09074074074074075
