14 0.41770833333333335 0.44351851851851853 0.096875 0.10648148148148148
0 0.7567708333333333 0.5111111111111111 0.13229166666666667 0.22592592592592592
15 0.4479166666666667 0.3574074074074074 0.07916666666666666 0.18888888888888888
9 0.6416666666666667 0.5120370370370371 0.09322916666666667 0.17685185185185184
1 0.22239583333333332 0.3861111111111111 0.078125 0.10648148148148148
0 0.16875 0.6685185185185185 0.075 0.17222222222222222
4 0.7171875 0.26481481481481484 0.0671875 0.09259259259259259
5 0.5161458333333333 0.6 0.07395833333333333 0.09722222222222222
19 0.35260416666666666 0.8296296296296296 0.1109375 0.17962962962962964
6 0.45677083333333335 0.5185185185185185 0.1296875 0.14722222222222223
