11 0.040755208333333334 0.8094907407407408 0.08151041666666667 0.38101851851851853
2 0.3307291666666667 0.6453703703703704 0.17760416666666667 0.6018518518518519
19 0.915625 0.7472222222222222 0.0875 0.2212962962962963
11 0.09791666666666667 0.8171296296296297 0.17552083333333332 0.3657407407407407
4 0.7963541666666667 0.030555555555555555 0.04791666666666667 0.06111111111111111
5 0.7666666666666667 0.6407407407407407 0.08541666666666667 0.14166666666666666
0 0.8052083333333333 0.7564814814814815 0.065625 0.1925925925925926
19 0.6661458333333333 0.45925925925925926 0.13229166666666667 0.18888888888888888
12 0.6885416666666667 0.6546296296296297 0.058333333333333334 0.08611111111111111
9 0.575 0.5731481481481482 0.08072916666666667 0.16666666666666666
16 0.5255208333333333 0.7148148148148148 0.12083333333333333 0.22407407407407406
