0 0.6692708333333334 0.7935185185185185 0.10885416666666667 0.2388888888888889
10 0.3015625 0.712037037037037 0.15729166666666666 0.22037037037037038
0 0.9354166666666667 0.09467592592592591 0.09427083333333333 0.18935185185185183
17 0.43645833333333334 0.34629629629629627 0.09427083333333333 0.19722222222222222
12 0.25104166666666666 0.5981481481481481 0.09739583333333333 0.13425925925925927
16 0.3109375 0.7953703703703704 0.0640625 0.1388888888888889
11 0.6911458333333333 0.17222222222222222 0.18645833333333334 0.34444444444444444
4 0.4625 0.55 0.11302083333333333 0.20462962962962963
18 0.234375 0.3398148148148148 0.07552083333333333 0.14351851851851852
0 0.07760416666666667 0.05740740740740741 0.09166666666666666 0.11481481481481481
5 0.3885416666666667 0.3675925925925926 0.051041666666666666 0.11296296296296296
