10 0.5578125 0.2324074074074074 0.11979166666666667 0.17037037037037037
7 0.6557291666666667 0.6898148148148148 0.04635416666666667 0.13055555555555556
0 0.609375 0.8569444444444445 0.14947916666666666 0.2861111111111111
4 0.7973958333333333 0.23981481481481481 0.07447916666666667 0.10648148148148148
15 0.6791666666666667 0.2824074074074074 0.1296875 0.17407407407407408
11 0.6364583333333333 0.7175925925925926 0.15364583333333334 0.5296296296296297
11 0.3697916666666667 0.22037037037037038 0.15416666666666667 0.44074074074074077
2 0.19114583333333332 0.13495370370370371 0.1375 0.26990740740740743
15 0.6822916666666666 0.4675925925925926 0.09114583333333333 0.17037037037037037
16 0.8421875 0.6953703703703704 0.09114583333333333 0.15925925925925927
