0 0.7677083333333333 0.25462962962962965 0.10416666666666667 0.22314814814814815
16 0.26927083333333335 0.22037037037037038 0.0765625 0.1787037037037037
11 0.16927083333333334 0.19861111111111113 0.15416666666666667 0.39722222222222225
0 0.8567708333333334 0.5111111111111111 0.06197916666666667 0.26296296296296295
2 0.3338541666666667 0.412962962962963 0.1578125 0.44074074074074077
10 0.23177083333333334 0.5157407407407407 0.1234375 0.20092592592592592
15 0.43385416666666665 0.7787037037037037 0.1046875 0.1787037037037037
12 0.04739583333333333 0.4101851851851852 0.07760416666666667 0.18518518518518517
18 0.25364583333333335 0.45925925925925926 0.06354166666666666 0.1287037037037037
2 0.15520833333333334 0.49722222222222223 0.18229166666666666 0.6435185185185185
14 0.19791666666666666 0.5361111111111111 0.050520833333333334 0.13055555555555556
