10 0.621875 0.6231481481481481 0.13645833333333332 0.25277777777777777
1 0.39166666666666666 0.9391203703703703 0.06302083333333333 0.12175925925925934
16 0.5760416666666667 0.4583333333333333 0.07291666666666667 0.08333333333333333
11 0.9229166666666666 0.612037037037037 0.15416666666666667 0.4638888888888889
9 0.6380208333333334 0.7101851851851851 0.07395833333333333 0.175
11 0.5895833333333333 0.8324074074074074 0.16302083333333334 0.33518518518518525
7 0.5411458333333333 0.4027777777777778 0.11458333333333333 0.1259259259259259
11 0.6229166666666667 0.4861111111111111 0.15208333333333332 0.44907407407407407
0 0.6447916666666667 0.537962962962963 0.10260416666666666 0.30648148148148147
12 0.7822916666666667 0.5703703703703704 0.05677083333333333 0.10277777777777777
