3 0.5244791666666667 0.6796296296296296 0.10885416666666667 0.16018518518518518
11 0.8458333333333333 0.30277777777777776 0.17864583333333334 0.5138888888888888
0 0.44635416666666666 0.7564814814814815 0.05 0.1638888888888889
0 0.15677083333333333 0.8972222222222223 0.07708333333333334 0.19722222222222222
19 0.2703125 0.20462962962962963 0.09739583333333333 0.13796296296296295
16 0.34427083333333336 0.5907407407407408 0.06822916666666666 0.1259259259259259
0 0.052473958333333334 0.2111111111111111 0.10494791666666667 0.2916666666666667
16 0.3848958333333333 0.8833333333333333 0.06666666666666667 0.12777777777777777
2 0.46822916666666664 0.5148148148148148 0.1765625 0.6416666666666667
9 0.6098958333333333 0.5925925925925926 0.05677083333333333 0.1111111111111111
