0 0.303125 0.06458333333333334 0.08177083333333333 0.12916666666666668
11 0.5973958333333333 0.8800925925925926 0.13697916666666668 0.23981481481481481
16 0.6848958333333334 0.9303240740740741 0.1 0.13935185185185184
9 0.7692708333333333 0.4564814814814815 0.08177083333333333 0.15555555555555556
11 0.5651041666666666 0.1775462962962963 0.17604166666666668 0.3550925925925926
19 0.8338541666666667 0.5907407407407408 0.08958333333333333 0.20092592592592592
12 0.6682291666666667 0.9537037037037037 0.05364583333333333 0.09259259259259256
3 0.7317708333333334 0.8916666666666667 0.07291666666666667 0.16944444444444445
6 0.7828125 0.5981481481481481 0.07708333333333334 0.1425925925925926
2 0.6770833333333334 0.168287037037037 0.15885416666666666 0.336574074074074
