18 0.3416666666666667 0.43796296296296294 0.08333333333333333 0.16296296296296298
19 0.44479166666666664 0.039120370370370375 0.0609375 0.07824074074074075
2 0.38958333333333334 0.30833333333333335 0.15052083333333333 0.6166666666666667
0 0.2796875 0.9175925925925925 0.06822916666666666 0.16481481481481486
4 0.44166666666666665 0.5481481481481482 0.08802083333333334 0.16666666666666666
0 0.7130208333333333 0.20833333333333334 0.11927083333333334 0.21203703703703702
0 0.3109375 0.9314814814814815 0.0828125 0.13703703703703707
6 0.4666666666666667 0.7398148148148148 0.1296875 0.1935185185185185
13 0.5364583333333334 0.44537037037037036 0.08489583333333334 0.17314814814814813
9 0.27239583333333334 0.6111111111111112 0.049479166666666664 0.0962962962962963
