10 0.9265625 0.6611111111111111 0.07916666666666666 0.11851851851851852
0 0.690625 0.1648148148148148 0.07083333333333333 0.15555555555555556
0 0.15833333333333333 0.22407407407407406 0.059375 0.1685185185185185
2 0.04674479166666667 0.32685185185185184 0.09348958333333333 0.5305555555555556
11 0.6255208333333333 0.5527777777777778 0.196875 0.48148148148148145
11 0.5203125 0.2759259259259259 0.14427083333333332 0.4675925925925926
4 0.5848958333333333 0.4638888888888889 0.0703125 0.11481481481481481
15 0.9145833333333333 0.5055555555555555 0.11510416666666666 0.17407407407407408
19 0.6036458333333333 0.0724537037037037 0.12447916666666667 0.1449074074074074
12 0.7192708333333333 0.24166666666666667 0.0796875 0.10740740740740741
