11 0.8630208333333333 0.24699074074074073 0.203125 0.49398148148148147
2 0.7442708333333333 0.41944444444444445 0.19479166666666667 0.625
0 0.28177083333333336 0.37962962962962965 0.0609375 0.21851851851851853
14 0.5380208333333333 0.1962962962962963 0.06822916666666666 0.13240740740740742
0 0.8635416666666667 0.5046296296296297 0.15052083333333333 0.18888888888888888
8 0.5427083333333333 0.2324074074074074 0.10052083333333334 0.12129629629629629
12 0.47604166666666664 0.49074074074074076 0.07604166666666666 0.11666666666666667
10 0.5505208333333333 0.9194444444444444 0.0765625 0.13055555555555556
12 0.5114583333333333 0.30092592592592593 0.06145833333333333 0.14629629629629629
2 0.18020833333333333 0.42685185185185187 0.21666666666666667 0.5416666666666666
4 0.7505208333333333 0.4925925925925926 0.1109375 0.1527777777777778
0 0.2916666666666667 0.3425925925925926 0.11822916666666666 0.25555555555555554
