11 0.46197916666666666 0.5361111111111111 0.14947916666666666 0.5703703703703704
14 0.5651041666666666 0.3416666666666667 0.084375 0.1398148148148148
11 0.3098958333333333 0.6675925925925926 0.23229166666666667 0.6101851851851852
3 0.7427083333333333 0.5425925925925926 0.09635416666666667 0.12407407407407407
2 0.7989583333333333 0.41574074074074074 0.19791666666666666 0.5166666666666667
15 0.5822916666666667 0.07407407407407407 0.08020833333333334 0.12777777777777777
12 0.7692708333333333 0.39814814814814814 0.09375 0.12777777777777777
6 0.75625 0.39444444444444443 0.06614583333333333 0.15555555555555556
0 0.10416666666666667 0.36944444444444446 0.08020833333333334 0.19722222222222222
8 0.6541666666666667 0.5342592592592592 0.051041666666666666 0.0824074074074074
6 0.8208333333333333 0.4675925925925926 0.14895833333333333 0.2212962962962963
0 0.11354166666666667 0.49537037037037035 0.140625 0.2351851851851852
