4 0.5020833333333333 0.575925925925926 0.10416666666666667 0.1638888888888889
0 0.475 0.8740740740740741 0.06302083333333333 0.17314814814814813
11 0.5588541666666667 0.7027777777777777 0.1671875 0.47314814814814815
15 0.7088541666666667 0.8731481481481481 0.13020833333333334 0.2111111111111111
5 0.771875 0.7435185185185185 0.09739583333333333 0.24074074074074073
5 0.6057291666666667 0.7666666666666667 0.06927083333333334 0.16296296296296298
8 0.5458333333333333 0.4759259259259259 0.08125 0.13240740740740742
8 0.7229166666666667 0.5722222222222222 0.12916666666666668 0.2361111111111111
13 0.6520833333333333 0.4564814814814815 0.11875 0.16574074074074074
11 0.1296875 0.781712962962963 0.23854166666666668 0.436574074074074
11 0.4432291666666667 0.7185185185185186 0.14427083333333332 0.4212962962962963
