10 0.8317708333333333 0.9092592592592592 0.10833333333333334 0.18148148148148147
0 0.42552083333333335 0.7055555555555556 0.10833333333333334 0.14629629629629629
2 0.07395833333333333 0.21273148148148147 0.14791666666666667 0.42546296296296293
18 0.5645833333333333 0.6962962962962963 0.06458333333333334 0.09444444444444444
3 0.7010416666666667 0.8212962962962963 0.05364583333333333 0.12222222222222222
1 0.7203125 0.8694444444444445 0.08697916666666666 0.13240740740740742
8 0.64375 0.48518518518518516 0.10572916666666667 0.14722222222222223
2 0.25677083333333334 0.24814814814814815 0.1890625 0.4962962962962963
7 0.8708333333333333 0.6324074074074074 0.08854166666666667 0.09722222222222222
18 0.7546875 0.687037037037037 0.08958333333333333 0.14814814814814814
2 0.19375 0.8451388888888889 0.17916666666666667 0.30972222222222223
