0 0.6895833333333333 0.9194444444444444 0.10416666666666667 0.1574074074074074
9 0.5348958333333333 0.22685185185185186 0.10104166666666667 0.18333333333333332
0 0.45989583333333334 0.5138888888888888 0.08854166666666667 0.13518518518518519
19 0.4239583333333333 0.6407407407407407 0.10572916666666667 0.1675925925925926
11 0.48072916666666665 0.15671296296296297 0.21145833333333333 0.31342592592592594
16 0.5708333333333333 0.6935185185185185 0.10520833333333333 0.19537037037037036
15 0.28125 0.44907407407407407 0.14166666666666666 0.2388888888888889
18 0.5036458333333333 0.8324074074074074 0.08385416666666666 0.12314814814814815
19 0.5520833333333334 0.5796296296296296 0.15208333333333332 0.25277777777777777
11 0.784375 0.4148148148148148 0.15 0.45740740740740743
