2 0.584375 0.6388888888888888 0.19791666666666666 0.4898148148148148
0 0.5 0.3138888888888889 0.08541666666666667 0.18981481481481483
5 0.3359375 0.5537037037037037 0.08802083333333334 0.13333333333333333
11 0.471875 0.39537037037037037 0.1796875 0.4546296296296296
15 0.5557291666666667 0.5453703703703704 0.09739583333333333 0.19444444444444445
14 0.346875 0.2935185185185185 0.0734375 0.14722222222222223
16 0.5765625 0.0962962962962963 0.06197916666666667 0.11203703703703703
18 0.5890625 0.337037037037037 0.0734375 0.13240740740740742
11 0.4890625 0.2851851851851852 0.12395833333333334 0.38055555555555554
17 0.4265625 0.28055555555555556 0.08177083333333333 0.10555555555555556
