5 0.21041666666666667 0.9680555555555556 0.08541666666666667 0.06388888888888888
15 0.353125 0.6407407407407407 0.11458333333333333 0.2101851851851852
11 0.9295572916666667 0.1574074074074074 0.14088541666666665 0.3148148148148148
1 0.8984375 0.22314814814814815 0.128125 0.13796296296296295
19 0.178125 0.5074074074074074 0.058854166666666666 0.11666666666666667
5 0.20885416666666667 0.4185185185185185 0.07291666666666667 0.11944444444444445
4 0.103125 0.9490740740740741 0.06666666666666667 0.10185185185185186
17 0.17552083333333332 0.5962962962962963 0.09375 0.1111111111111111
5 0.015885416666666666 0.7212962962962963 0.03177083333333333 0.10185185185185185
2 0.5713541666666667 0.1840277777777778 0.17552083333333332 0.3680555555555556
0 0.6567708333333333 0.8037037037037037 0.09114583333333333 0.19166666666666668
1 0.6604166666666667 0.924074074074074 0.14479166666666668 0.11481481481481481
