11 0.7026041666666667 0.7092592592592593 0.16822916666666668 0.462037037037037
15 0.715625 0.4425925925925926 0.13125 0.1935185185185185
18 0.6427083333333333 0.825925925925926 0.071875 0.11481481481481481
11 0.08450520833333333 0.3712962962962963 0.16901041666666666 0.6694444444444444
0 0.8260416666666667 0.26296296296296295 0.1171875 0.2657407407407407
0 0.29270833333333335 0.26481481481481484 0.08489583333333334 0.17037037037037037
7 0.5416666666666666 0.6888888888888889 0.1140625 0.20092592592592592
0 0.44635416666666666 0.9532407407407407 0.09479166666666666 0.09351851851851856
11 0.8244791666666667 0.5092592592592593 0.2 0.4888888888888889
17 0.8005208333333333 0.4046296296296296 0.07708333333333334 0.11666666666666667
