2 0.5473958333333333 0.42314814814814816 0.215625 0.5425925925925926
0 0.3796875 0.7296296296296296 0.17708333333333334 0.3453703703703704
6 0.6010416666666667 0.5175925925925926 0.15 0.2101851851851852
11 0.25625 0.287962962962963 0.1640625 0.475
16 0.7895833333333333 0.5416666666666666 0.04791666666666667 0.09907407407407408
18 0.6734375 0.4361111111111111 0.10364583333333334 0.18425925925925926
13 0.9787760416666667 0.4722222222222222 0.042447916666666696 0.17222222222222222
11 0.3807291666666667 0.6083333333333333 0.190625 0.47314814814814815
6 0.6567708333333333 0.4074074074074074 0.12135416666666667 0.1574074074074074
5 0.6416666666666667 0.5712962962962963 0.036458333333333336 0.07407407407407407
9 0.6869791666666667 0.4601851851851852 0.059895833333333336 0.10925925925925926
