10 0.06927083333333334 0.5648148148148148 0.13125 0.23055555555555557
0 0.5854166666666667 0.09699074074074074 0.09166666666666666 0.19398148148148148
11 0.6161458333333333 0.6462962962962963 0.175 0.4777777777777778
2 0.47239583333333335 0.46944444444444444 0.13229166666666667 0.40370370370370373
6 0.16302083333333334 0.2898148148148148 0.06875 0.1574074074074074
10 0.10364583333333334 0.6611111111111111 0.07135416666666666 0.1425925925925926
9 0.057291666666666664 0.46296296296296297 0.0765625 0.15648148148148147
17 0.0640625 0.7574074074074074 0.08385416666666666 0.14814814814814814
11 0.5552083333333333 0.6268518518518519 0.1578125 0.4351851851851852
4 0.1765625 0.5398148148148149 0.09479166666666666 0.17222222222222222
