11 0.05755208333333333 0.7157407407407408 0.11510416666666666 0.4527777777777778
7 0.775 0.475 0.08229166666666667 0.18796296296296297
13 0.5630208333333333 0.7240740740740741 0.06666666666666667 0.10092592592592593
8 0.7703125 0.6703703703703704 0.1234375 0.14907407407407408
0 0.8541666666666666 0.6212962962962963 0.15 0.23425925925925925
5 0.7223958333333333 0.5935185185185186 0.046875 0.06944444444444445
16 0.7463541666666667 0.6407407407407407 0.07760416666666667 0.2037037037037037
2 0.931640625 0.5814814814814815 0.13671875 0.6296296296296297
10 0.71875 0.5120370370370371 0.09895833333333333 0.18425925925925926
0 0.8333333333333334 0.7638888888888888 0.06197916666666667 0.18981481481481483
11 0.8223958333333333 0.7472222222222222 0.190625 0.49722222222222223
13 0.70625 0.7861111111111111 0.09479166666666666 0.17314814814814813
0 0.940625 0.7240740740740741 0.09739583333333333 0.2611111111111111
