0 0.3307291666666667 0.47685185185185186 0.08958333333333333 0.21574074074074073
12 0.2989583333333333 0.05578703703703704 0.07760416666666667 0.11157407407407408
5 0.5125 0.462037037037037 0.0890625 0.18518518518518517
15 0.29322916666666665 0.4046296296296296 0.1171875 0.1685185185185185
19 0.2630208333333333 0.7666666666666667 0.1078125 0.2222222222222222
17 0.359375 0.5138888888888888 0.0703125 0.11203703703703703
10 0.4322916666666667 0.8997685185185185 0.14583333333333334 0.20046296296296295
0 0.5354166666666667 0.4527777777777778 0.08854166666666667 0.31296296296296294
15 0.2234375 0.5685185185185185 0.12083333333333333 0.1935185185185185
2 0.9283854166666667 0.5916666666666667 0.14322916666666663 0.5296296296296297
0 0.6036458333333333 0.9238425925925926 0.11145833333333334 0.1523148148148148
