7 0.5651041666666666 0.04583333333333333 0.10416666666666667 0.09166666666666666
13 0.3880208333333333 0.5018518518518519 0.0875 0.1388888888888889
1 0.5927083333333333 0.4925925925925926 0.11197916666666667 0.11296296296296296
15 0.6505208333333333 0.24166666666666667 0.1359375 0.14166666666666666
7 0.41302083333333334 0.34814814814814815 0.08489583333333334 0.1388888888888889
0 0.9614583333333333 0.1685185185185185 0.06354166666666666 0.18796296296296297
9 0.4875 0.39351851851851855 0.050520833333333334 0.1037037037037037
15 0.459375 0.18796296296296297 0.08229166666666667 0.12314814814814815
0 0.075 0.5907407407407408 0.07395833333333333 0.23148148148148148
2 0.80625 0.3611111111111111 0.13125 0.41759259259259257
