7 0.2265625 0.17314814814814813 0.06354166666666666 0.10648148148148148
13 0.3625 0.5370370370370371 0.11666666666666667 0.14814814814814814
7 0.4875 0.7231481481481481 0.1109375 0.21296296296296297
0 0.47239583333333335 0.2611111111111111 0.08125 0.26666666666666666
5 0.24166666666666667 0.42592592592592593 0.04583333333333333 0.07407407407407407
1 0.5161458333333333 0.062037037037037036 0.12395833333333334 0.12407407407407407
11 0.2546875 0.14351851851851852 0.19114583333333332 0.28703703703703703
0 0.6635416666666667 0.6925925925925925 0.075 0.1935185185185185
13 0.6927083333333334 0.43703703703703706 0.11197916666666667 0.1527777777777778
9 0.40520833333333334 0.21851851851851853 0.075 0.10833333333333334
13 0.20364583333333333 0.1537037037037037 0.10208333333333333 0.1574074074074074
11 0.3072916666666667 0.825462962962963 0.175 0.3490740740740741
