9 0.4197916666666667 0.6574074074074074 0.04739583333333333 0.10092592592592593
0 0.10625 0.8425925925925926 0.04635416666666667 0.16666666666666666
14 0.39114583333333336 0.03518518518518518 0.052083333333333336 0.07037037037037036
2 0.9088541666666666 0.675 0.1484375 0.43703703703703706
4 0.4270833333333333 0.2611111111111111 0.09010416666666667 0.13055555555555556
14 0.3848958333333333 0.5055555555555555 0.04895833333333333 0.07314814814814814
19 0.44635416666666666 0.4962962962962963 0.10416666666666667 0.16944444444444445
9 0.30520833333333336 0.43425925925925923 0.06302083333333333 0.12129629629629629
2 0.5197916666666667 0.5861111111111111 0.1671875 0.5564814814814815
13 0.2552083333333333 0.36574074074074076 0.08541666666666667 0.1398148148148148
2 0.6171875 0.4398148148148148 0.1734375 0.5120370370370371
0 0.5364583333333334 0.5703703703703704 0.11354166666666667 0.1638888888888889
0 0.7619791666666667 0.6842592592592592 0.10572916666666667 0.2324074074074074
