6 0.36770833333333336 0.35 0.1453125 0.2972222222222222
2 0.9118489583333333 0.14074074074074075 0.1763020833333333 0.2814814814814815
4 0.35572916666666665 0.8722222222222222 0.0875 0.12129629629629629
11 0.225 0.8412037037037037 0.17708333333333334 0.31759259259259265
2 0.5875 0.2851851851851852 0.20364583333333333 0.512962962962963
13 0.43125 0.5212962962962963 0.08385416666666666 0.14537037037037037
0 0.5130208333333334 0.7268518518518519 0.1265625 0.18981481481481483
5 0.4203125 0.649074074074074 0.06875 0.14351851851851852
6 0.3645833333333333 0.6462962962962963 0.07552083333333333 0.23425925925925925
6 0.26614583333333336 0.5657407407407408 0.16614583333333333 0.18055555555555555
6 0.20260416666666667 0.7731481481481481 0.065625 0.12407407407407407
