2 0.4505208333333333 0.804861111111111 0.2046875 0.39027777777777783
9 0.2864583333333333 0.027314814814814816 0.07083333333333333 0.05462962962962963
8 0.20989583333333334 0.6287037037037037 0.10052083333333334 0.17037037037037037
0 0.02981770833333333 0.6305555555555555 0.05963541666666666 0.17777777777777778
18 0.23177083333333334 0.3074074074074074 0.049479166666666664 0.10092592592592593
14 0.08802083333333334 0.5703703703703704 0.04895833333333333 0.10185185185185185
17 0.2760416666666667 0.1925925925925926 0.10625 0.175
13 0.24375 0.39814814814814814 0.10625 0.1398148148148148
12 0.2390625 0.4583333333333333 0.0546875 0.16111111111111112
1 0.36302083333333335 0.700925925925926 0.10416666666666667 0.1
