12 0.33958333333333335 0.6675925925925926 0.09270833333333334 0.13240740740740742
7 0.3109375 0.7472222222222222 0.057291666666666664 0.11296296296296296
0 0.5947916666666667 0.674074074074074 0.21666666666666667 0.27870370370370373
10 0.17135416666666667 0.5462962962962963 0.1171875 0.18425925925925926
4 0.25 0.4361111111111111 0.1109375 0.16574074074074074
0 0.5526041666666667 0.08402777777777778 0.10104166666666667 0.16805555555555557
0 0.12083333333333333 0.13171296296296295 0.10364583333333334 0.2634259259259259
12 0.47760416666666666 0.4527777777777778 0.08229166666666667 0.15
12 0.015364583333333333 0.43703703703703706 0.030729166666666665 0.12037037037037036
2 0.15989583333333332 0.7620370370370371 0.15520833333333334 0.43703703703703706
