0 0.6380208333333334 0.7916666666666666 0.05572916666666667 0.21666666666666667
13 0.54375 0.6296296296296297 0.07135416666666666 0.10462962962962963
12 0.5979166666666667 0.4685185185185185 0.052083333333333336 0.12037037037037036
11 0.9337239583333333 0.7976851851851852 0.13255208333333335 0.4046296296296297
14 0.7005208333333334 0.6194444444444445 0.06302083333333333 0.11388888888888889
6 0.5151041666666667 0.24814814814814815 0.1171875 0.17685185185185184
11 0.07591145833333333 0.8527777777777777 0.15182291666666667 0.2944444444444445
10 0.5041666666666667 0.6453703703703704 0.11770833333333333 0.17314814814814813
11 0.246875 0.4675925925925926 0.1765625 0.4703703703703704
0 0.9615885416666666 0.7064814814814815 0.07682291666666674 0.2814814814814815
0 0.9057291666666667 0.7805555555555556 0.051041666666666666 0.1925925925925926
