4 0.9208333333333333 0.5740740740740741 0.07760416666666667 0.1685185185185185
19 0.8395833333333333 0.6 0.08385416666666666 0.14814814814814814
11 0.19739583333333333 0.7662037037037037 0.23072916666666668 0.46759259259259256
9 0.8244791666666667 0.7268518518518519 0.08489583333333334 0.1287037037037037
5 0.7802083333333333 0.34074074074074073 0.071875 0.12314814814814815
5 0.7536458333333333 0.4583333333333333 0.08020833333333334 0.0962962962962963
11 0.7354166666666667 0.14606481481481481 0.21875 0.29212962962962963
6 0.8505208333333333 0.3314814814814815 0.10885416666666667 0.1361111111111111
2 0.190625 0.1648148148148148 0.15729166666666666 0.3296296296296296
0 0.49635416666666665 0.19166666666666668 0.078125 0.18425925925925926
0 0.46458333333333335 0.549074074074074 0.121875 0.21666666666666667
