2 0.9010416666666666 0.20324074074074072 0.15625 0.40648148148148144
10 0.5182291666666666 0.475 0.09739583333333333 0.09351851851851851
0 0.9135416666666667 0.28888888888888886 0.13697916666666668 0.24351851851851852
3 0.6854166666666667 0.4564814814814815 0.08489583333333334 0.11851851851851852
12 0.55625 0.537962962962963 0.09010416666666667 0.175
15 0.6 0.37407407407407406 0.12395833333333334 0.20092592592592592
0 0.3 0.9046296296296297 0.08177083333333333 0.19074074074074077
0 0.8526041666666667 0.4222222222222222 0.09375 0.23055555555555557
10 0.578125 0.4222222222222222 0.11458333333333333 0.23148148148148148
19 0.8114583333333333 0.3962962962962963 0.11927083333333334 0.1712962962962963
9 0.3890625 0.5888888888888889 0.08177083333333333 0.1685185185185185
11 0.49947916666666664 0.19652777777777777 0.20625 0.39305555555555555
