5 0.32135416666666666 0.4527777777777778 0.1015625 0.14722222222222223
14 0.5145833333333333 0.5222222222222223 0.0765625 0.1175925925925926
2 0.38958333333333334 0.5444444444444444 0.19322916666666667 0.4759259259259259
6 0.43072916666666666 0.487962962962963 0.09010416666666667 0.13425925925925927
15 0.5322916666666667 0.4842592592592593 0.075 0.1574074074074074
2 0.9248697916666666 0.1958333333333333 0.15026041666666667 0.3916666666666666
15 0.23645833333333333 0.06620370370370371 0.08385416666666666 0.13240740740740742
15 0.50625 0.30925925925925923 0.15416666666666667 0.13703703703703704
0 0.5380208333333333 0.7055555555555556 0.06666666666666667 0.20462962962962963
1 0.2515625 0.42314814814814816 0.05416666666666667 0.1037037037037037
18 0.38697916666666665 0.6268518518518519 0.115625 0.14722222222222223
