12 0.6276041666666666 0.4148148148148148 0.109375 0.17407407407407408
8 0.8276041666666667 0.3731481481481482 0.090625 0.19166666666666668
0 0.3776041666666667 0.275 0.0703125 0.12962962962962962
2 0.09401041666666667 0.6111111111111112 0.18802083333333333 0.5314814814814814
1 0.7145833333333333 0.9486111111111111 0.15364583333333334 0.10277777777777775
3 0.6244791666666667 0.2777777777777778 0.10364583333333334 0.13518518518518519
8 0.42135416666666664 0.19907407407407407 0.06666666666666667 0.10648148148148148
3 0.5947916666666667 0.5398148148148149 0.07708333333333334 0.11944444444444445
7 0.7109375 0.20462962962962963 0.07760416666666667 0.1574074074074074
13 0.6255208333333333 0.23055555555555557 0.09583333333333334 0.16203703703703703
1 0.7786458333333334 0.08796296296296297 0.11145833333333334 0.15092592592592594
