16 0.6333333333333333 0.5879629629629629 0.07916666666666666 0.07407407407407407
9 0.559375 0.975462962962963 0.052083333333333336 0.04907407407407405
3 0.7098958333333333 0.7731481481481481 0.058854166666666666 0.10648148148148148
1 0.7755208333333333 0.8675925925925926 0.07239583333333334 0.12962962962962962
12 0.36875 0.39814814814814814 0.046875 0.08148148148148149
1 0.6151041666666667 0.07060185185185185 0.1765625 0.1412037037037037
18 0.565625 0.6814814814814815 0.071875 0.125
2 0.7380208333333333 0.1363425925925926 0.13645833333333332 0.2726851851851852
0 0.7453125 0.9372685185185186 0.1125 0.125462962962963
11 0.29739583333333336 0.13703703703703704 0.13645833333333332 0.2740740740740741
2 0.9447916666666667 0.22106481481481483 0.11041666666666661 0.44212962962962965
