2 0.5625 0.11550925925925926 0.13958333333333334 0.2310185185185185
10 0.6807291666666667 0.05648148148148149 0.11041666666666666 0.11296296296296297
12 0.6255208333333333 0.625 0.1140625 0.17037037037037037
4 0.7057291666666666 0.4722222222222222 0.08697916666666666 0.13425925925925927
11 0.22916666666666666 0.2199074074074074 0.18177083333333333 0.4398148148148148
9 0.5296875 0.5416666666666666 0.09427083333333333 0.17777777777777778
18 0.61875 0.475 0.06666666666666667 0.0962962962962963
0 0.24479166666666666 0.8675925925925926 0.1015625 0.1425925925925926
11 0.23020833333333332 0.19768518518518519 0.18020833333333333 0.39537037037037037
14 0.7036458333333333 0.912962962962963 0.0703125 0.10833333333333334
0 0.9752604166666667 0.18518518518518517 0.04947916666666663 0.22962962962962963
