15 0.6598958333333333 0.5 0.09947916666666666 0.1398148148148148
0 0.3302083333333333 0.43703703703703706 0.05364583333333333 0.1675925925925926
3 0.5682291666666667 0.32222222222222224 0.058854166666666666 0.125
17 0.6166666666666667 0.5407407407407407 0.08489583333333334 0.12222222222222222
2 0.7072916666666667 0.874074074074074 0.17604166666666668 0.2518518518518519
1 0.4640625 0.8092592592592592 0.08489583333333334 0.13703703703703704
11 0.9001302083333333 0.2939814814814815 0.19973958333333341 0.587962962962963
0 0.5213541666666667 0.39814814814814814 0.07291666666666667 0.23055555555555557
14 0.7572916666666667 0.36944444444444446 0.0515625 0.08055555555555556
4 0.6921875 0.39444444444444443 0.05572916666666667 0.1111111111111111
4 0.9604166666666667 0.7314814814814815 0.07916666666666661 0.125
5 0.36822916666666666 0.5648148148148148 0.058854166666666666 0.09259259259259259
