4 0.3796875 0.6194444444444445 0.0734375 0.11203703703703703
16 0.3125 0.5166666666666667 0.05625 0.0962962962962963
1 0.8229166666666666 0.8962962962962963 0.15729166666666666 0.16296296296296298
18 0.3385416666666667 0.02638888888888889 0.065625 0.05277777777777778
16 0.14947916666666666 0.2361111111111111 0.10052083333333334 0.18055555555555555
11 0.546875 0.26064814814814813 0.20989583333333334 0.5212962962962963
11 0.5557291666666667 0.18587962962962962 0.1578125 0.37175925925925923
0 0.22916666666666666 0.3388888888888889 0.06510416666666667 0.15833333333333333
8 0.3723958333333333 0.46574074074074073 0.06979166666666667 0.07407407407407407
2 0.5776041666666667 0.7810185185185186 0.15520833333333334 0.437962962962963
0 0.4661458333333333 0.6990740740740741 0.11354166666666667 0.22962962962962963
