9 0.6932291666666667 0.425 0.0828125 0.1361111111111111
0 0.0890625 0.09351851851851851 0.07604166666666666 0.1675925925925926
17 0.5755208333333334 0.3296296296296296 0.09375 0.15648148148148147
0 0.49635416666666665 0.44814814814814813 0.153125 0.25555555555555554
7 0.7526041666666666 0.32407407407407407 0.09895833333333333 0.12129629629629629
0 0.9546875 0.4759259259259259 0.06979166666666667 0.2037037037037037
2 0.20885416666666667 0.7303240740740741 0.15833333333333333 0.5393518518518519
18 0.8703125 0.6361111111111111 0.09270833333333334 0.1175925925925926
8 0.9208333333333333 0.4722222222222222 0.084375 0.1398148148148148
9 0.6380208333333334 0.44351851851851853 0.07604166666666666 0.16018518518518518
5 0.8765625 0.5259259259259259 0.06979166666666667 0.11851851851851852
