10 0.8026041666666667 0.7592592592592593 0.16510416666666666 0.23055555555555557
10 0.715625 0.20092592592592592 0.08020833333333334 0.20092592592592592
18 0.64375 0.21296296296296297 0.084375 0.14814814814814814
2 0.375 0.11643518518518518 0.14895833333333333 0.23287037037037037
19 0.7239583333333334 0.20092592592592592 0.06041666666666667 0.13518518518518519
18 0.7260416666666667 0.04097222222222222 0.096875 0.08194444444444444
4 0.5375 0.3453703703703704 0.1 0.17777777777777778
2 0.7052083333333333 0.31851851851851853 0.15208333333333332 0.6370370370370371
0 0.25364583333333335 0.32037037037037036 0.08802083333333334 0.15925925925925927
5 0.6973958333333333 0.5046296296296297 0.07395833333333333 0.1648148148148148
