7 0.4125 0.3787037037037037 0.07291666666666667 0.11481481481481481
0 0.665625 0.6287037037037037 0.0828125 0.2601851851851852
2 0.9404947916666667 0.7763888888888889 0.11901041666666656 0.4472222222222222
11 0.1 0.8421296296296297 0.1484375 0.31574074074074066
11 0.9388020833333334 0.7511574074074074 0.12239583333333326 0.4976851851851851
1 0.3921875 0.3814814814814815 0.057291666666666664 0.1
18 0.5229166666666667 0.55 0.08177083333333333 0.1685185185185185
6 0.4484375 0.25833333333333336 0.1609375 0.1824074074074074
4 0.3802083333333333 0.46944444444444444 0.08125 0.1111111111111111
0 0.5598958333333334 0.8379629629629629 0.10572916666666667 0.1962962962962963
