19 0.5760416666666667 0.7194444444444444 0.11458333333333333 0.24722222222222223
13 0.5427083333333333 0.7768518518518519 0.10625 0.16296296296296298
8 0.3734375 0.6064814814814815 0.10104166666666667 0.12962962962962962
0 0.28125 0.16296296296296298 0.05572916666666667 0.2
11 0.19114583333333332 0.275 0.19010416666666666 0.4888888888888889
0 0.75 0.4222222222222222 0.10208333333333333 0.20555555555555555
19 0.5630208333333333 0.9354166666666666 0.115625 0.12916666666666676
2 0.38333333333333336 0.75 0.146875 0.42314814814814816
3 0.5364583333333334 0.3824074074074074 0.08489583333333334 0.10740740740740741
0 0.540625 0.712037037037037 0.2171875 0.2740740740740741
5 0.39427083333333335 0.6361111111111111 0.07083333333333333 0.15833333333333333
9 0.5161458333333333 0.562037037037037 0.06510416666666667 0.1259259259259259
