19 0.425 0.1787037037037037 0.0796875 0.1574074074074074
11 0.2911458333333333 0.7347222222222223 0.18958333333333333 0.5305555555555554
4 0.37916666666666665 0.31574074074074077 0.0796875 0.10462962962962963
3 0.40989583333333335 0.05023148148148149 0.0578125 0.10046296296296298
0 0.4427083333333333 0.3509259259259259 0.084375 0.17962962962962964
4 0.49635416666666665 0.2657407407407407 0.08333333333333333 0.12777777777777777
6 0.3453125 0.10462962962962963 0.1359375 0.2
16 0.26614583333333336 0.4824074074074074 0.05364583333333333 0.10740740740740741
9 0.15 0.3962962962962963 0.065625 0.10185185185185185
1 0.8557291666666667 0.7240740740740741 0.11510416666666666 0.13518518518518519
