19 0.5890625 0.34814814814814815 0.1171875 0.20555555555555555
0 0.4979166666666667 0.919675925925926 0.125 0.1606481481481481
7 0.6197916666666666 0.8851851851851852 0.07291666666666667 0.14444444444444443
11 0.06458333333333333 0.6342592592592593 0.12916666666666665 0.600925925925926
8 0.7416666666666667 0.5074074074074074 0.06770833333333333 0.11388888888888889
11 0.2453125 0.7884259259259259 0.20052083333333334 0.42314814814814816
15 0.59375 0.5064814814814815 0.090625 0.15462962962962962
0 0.7322916666666667 0.4777777777777778 0.14635416666666667 0.17962962962962964
2 0.7869791666666667 0.2462962962962963 0.16822916666666668 0.4925925925925926
6 0.6817708333333333 0.4398148148148148 0.07552083333333333 0.18518518518518517
14 0.6223958333333334 0.5472222222222223 0.0609375 0.09351851851851851
14 0.8041666666666667 0.21574074074074073 0.08385416666666666 0.13796296296296295
