1 0.5427083333333333 0.1648148148148148 0.09895833333333333 0.175
6 0.4239583333333333 0.4675925925925926 0.11354166666666667 0.21388888888888888
10 0.2869791666666667 0.5814814814814815 0.09479166666666666 0.17962962962962964
3 0.315625 0.524074074074074 0.051041666666666666 0.09444444444444444
10 0.33229166666666665 0.5333333333333333 0.0984375 0.16944444444444445
16 0.5078125 0.4898148148148148 0.1328125 0.1361111111111111
5 0.3328125 0.29259259259259257 0.08125 0.15185185185185185
11 0.064453125 0.8391203703703703 0.12890625 0.3217592592592593
0 0.11666666666666667 0.5370370370370371 0.16041666666666668 0.2861111111111111
14 0.5395833333333333 0.35185185185185186 0.11510416666666666 0.1712962962962963
0 0.30833333333333335 0.7148148148148148 0.1203125 0.24166666666666667
