4 0.6744791666666666 0.39166666666666666 0.08177083333333333 0.23425925925925925
0 0.4328125 0.8194444444444444 0.18958333333333333 0.29074074074074074
4 0.61875 0.7046296296296296 0.11458333333333333 0.24166666666666667
0 0.8760416666666667 0.15833333333333333 0.0984375 0.23148148148148148
6 0.7114583333333333 0.7962962962962963 0.11979166666666667 0.20462962962962963
11 0.063671875 0.8236111111111111 0.12734375 0.35277777777777786
3 0.5369791666666667 0.49537037037037035 0.1078125 0.13240740740740742
11 0.28541666666666665 0.7810185185185186 0.234375 0.4379629629629629
10 0.6265625 0.31574074074074077 0.0828125 0.16944444444444445
0 0.05286458333333333 0.09490740740740741 0.10572916666666667 0.18981481481481483
2 0.6067708333333334 0.2532407407407407 0.17760416666666667 0.5064814814814814
