5 0.5619791666666667 0.21944444444444444 0.07760416666666667 0.13240740740740742
0 0.9692708333333333 0.907175925925926 0.06145833333333328 0.18564814814814812
11 0.6078125 0.7590277777777777 0.19635416666666666 0.4819444444444445
0 0.7880208333333333 0.3037037037037037 0.12604166666666666 0.2537037037037037
11 0.9368489583333333 0.30648148148148147 0.12630208333333337 0.44907407407407407
19 0.5713541666666667 0.45 0.07447916666666667 0.11666666666666667
6 0.6453125 0.3101851851851852 0.121875 0.1675925925925926
0 0.409375 0.9134259259259259 0.0640625 0.17314814814814816
16 0.8796875 0.5666666666666667 0.1046875 0.18518518518518517
2 0.36666666666666664 0.8416666666666667 0.2578125 0.31666666666666665
