16 0.4484375 0.4444444444444444 0.06510416666666667 0.10462962962962963
9 0.23333333333333334 0.7981481481481482 0.05520833333333333 0.08888888888888889
2 0.45677083333333335 0.412962962962963 0.22291666666666668 0.6666666666666666
0 0.6161458333333333 0.3731481481481482 0.08645833333333333 0.1824074074074074
0 0.7911458333333333 0.09907407407407408 0.11354166666666667 0.19814814814814816
2 0.5890625 0.4638888888888889 0.19635416666666666 0.6194444444444445
6 0.22916666666666666 0.5351851851851852 0.1421875 0.17592592592592593
11 0.6307291666666667 0.8125 0.190625 0.375
10 0.46510416666666665 0.7425925925925926 0.09270833333333334 0.1712962962962963
0 0.6052083333333333 0.40925925925925927 0.08072916666666667 0.18611111111111112
14 0.27708333333333335 0.8546296296296296 0.04583333333333333 0.06851851851851852
