8 0.3765625 0.32592592592592595 0.11041666666666666 0.19814814814814816
19 0.31197916666666664 0.4 0.16979166666666667 0.17685185185185184
16 0.3546875 0.6574074074074074 0.078125 0.13703703703703704
11 0.1953125 0.8004629629629629 0.15572916666666667 0.39907407407407414
11 0.15729166666666666 0.7956018518518518 0.1421875 0.4087962962962963
16 0.2833333333333333 0.41759259259259257 0.09010416666666667 0.1638888888888889
9 0.3614583333333333 0.3296296296296296 0.0546875 0.08055555555555556
11 0.6453125 0.18310185185185185 0.190625 0.3662037037037037
1 0.8572916666666667 0.27685185185185185 0.0796875 0.13333333333333333
0 0.2682291666666667 0.7462962962962963 0.103125 0.175
6 0.4609375 0.5972222222222222 0.11666666666666667 0.13518518518518519
