13 0.51875 0.6046296296296296 0.053125 0.11203703703703703
6 0.6177083333333333 0.7611111111111111 0.0890625 0.09259259259259259
11 0.938671875 0.8412037037037037 0.12265625000000002 0.31759259259259254
10 0.36354166666666665 0.3435185185185185 0.13177083333333334 0.22777777777777777
14 0.5411458333333333 0.4185185185185185 0.08697916666666666 0.11574074074074074
2 0.07708333333333334 0.7268518518518519 0.13541666666666666 0.39444444444444443
0 0.253125 0.7101851851851851 0.13489583333333333 0.2111111111111111
9 0.5135416666666667 0.7018518518518518 0.0671875 0.10648148148148148
4 0.4942708333333333 0.13240740740740742 0.09270833333333334 0.14722222222222223
12 0.5708333333333333 0.5787037037037037 0.10364583333333334 0.11944444444444445
11 0.7630208333333334 0.8854166666666666 0.1421875 0.22916666666666674
