0 0.8494791666666667 0.0798611111111111 0.13125 0.1597222222222222
0 0.30833333333333335 0.9194444444444445 0.0953125 0.1611111111111111
9 0.17395833333333333 0.5796296296296296 0.07447916666666667 0.125
11 0.46875 0.24305555555555555 0.16458333333333333 0.4861111111111111
4 0.39114583333333336 0.4203703703703704 0.10104166666666667 0.17962962962962964
11 0.45364583333333336 0.4981481481481482 0.20052083333333334 0.5074074074074074
10 0.1890625 0.45925925925925926 0.16197916666666667 0.2935185185185185
0 0.034895833333333334 0.08981481481481482 0.06979166666666667 0.17962962962962964
15 0.24322916666666666 0.8 0.13489583333333333 0.18888888888888888
3 0.3026041666666667 0.7888888888888889 0.06927083333333334 0.1787037037037037
