6 0.4875 0.75 0.14322916666666666 0.15833333333333333
0 0.0375 0.10092592592592593 0.075 0.1361111111111111
15 0.640625 0.7527777777777778 0.07760416666666667 0.18055555555555555
5 0.6708333333333333 0.6944444444444444 0.07447916666666667 0.12314814814814815
17 0.75 0.6222222222222222 0.07395833333333333 0.14074074074074075
15 0.7192708333333333 0.7314814814814815 0.06770833333333333 0.12314814814814815
0 0.018489583333333334 0.7842592592592592 0.03697916666666667 0.2212962962962963
18 0.6807291666666667 0.8925925925925926 0.07083333333333333 0.09537037037037037
15 0.60625 0.9324074074074074 0.0875 0.13518518518518519
0 0.8755208333333333 0.6759259259259259 0.11458333333333333 0.125
