5 0.4895833333333333 0.18333333333333332 0.050520833333333334 0.0712962962962963
0 0.80625 0.9284722222222223 0.0453125 0.1430555555555555
11 0.1734375 0.14930555555555555 0.14270833333333333 0.2986111111111111
6 0.38385416666666666 0.5009259259259259 0.10416666666666667 0.10277777777777777
12 0.609375 0.6129629629629629 0.06302083333333333 0.09444444444444444
10 0.5614583333333333 0.29444444444444445 0.13072916666666667 0.25462962962962965
7 0.40677083333333336 0.2953703703703704 0.05625 0.13055555555555556
0 0.2708333333333333 0.07222222222222222 0.09947916666666666 0.14444444444444443
17 0.5979166666666667 0.2814814814814815 0.07604166666666666 0.1574074074074074
5 0.59375 0.4740740740740741 0.07916666666666666 0.11296296296296296
0 0.178125 0.600925925925926 0.052083333333333336 0.19722222222222222
