9 0.22916666666666666 0.5694444444444444 0.08229166666666667 0.14629629629629629
14 0.3182291666666667 0.5111111111111111 0.05260416666666667 0.14814814814814814
17 0.13072916666666667 0.8027777777777778 0.0984375 0.13518518518518519
9 0.0890625 0.6027777777777777 0.06666666666666667 0.1111111111111111
0 0.5963541666666666 0.5138888888888888 0.059375 0.19537037037037036
2 0.3328125 0.4638888888888889 0.18385416666666668 0.5148148148148148
11 0.28177083333333336 0.4425925925925926 0.22552083333333334 0.5935185185185186
15 0.24375 0.8342592592592593 0.07083333333333333 0.10925925925925926
11 0.4947916666666667 0.5898148148148148 0.13697916666666668 0.5305555555555556
0 0.40989583333333335 0.5666666666666667 0.12552083333333333 0.17222222222222222
