3 0.47291666666666665 0.3861111111111111 0.08072916666666667 0.10277777777777777
0 0.32760416666666664 0.7092592592592593 0.09635416666666667 0.3074074074074074
3 0.2046875 0.5787037037037037 0.09635416666666667 0.14166666666666666
15 0.21145833333333333 0.375 0.146875 0.1574074074074074
7 0.3640625 0.5064814814814815 0.04114583333333333 0.09444444444444444
0 0.030338541666666666 0.6972222222222222 0.06067708333333333 0.17592592592592593
7 0.3619791666666667 0.6546296296296297 0.07083333333333333 0.13240740740740742
2 0.051953125 0.19814814814814813 0.10390625 0.39629629629629626
11 0.7447916666666666 0.8481481481481481 0.15208333333333332 0.3037037037037037
2 0.6145833333333334 0.3 0.15885416666666666 0.43148148148148147
18 0.2203125 0.36944444444444446 0.06614583333333333 0.1259259259259259
16 0.2609375 0.37407407407407406 0.06354166666666666 0.11851851851851852
0 0.37864583333333335 0.8111111111111111 0.15677083333333333 0.3277777777777778
