11 0.34739583333333335 0.3212962962962963 0.1421875 0.5361111111111111
3 0.6541666666666667 0.6231481481481481 0.078125 0.10462962962962963
17 0.6973958333333333 0.4638888888888889 0.09479166666666666 0.13333333333333333
12 0.8072916666666666 0.5916666666666667 0.08385416666666666 0.10648148148148148
17 0.6786458333333333 0.6601851851851852 0.0546875 0.10462962962962963
16 0.725 0.6111111111111112 0.06979166666666667 0.11203703703703703
0 0.6348958333333333 0.5111111111111111 0.08958333333333333 0.1685185185185185
19 0.8609375 0.7972222222222223 0.10416666666666667 0.15925925925925927
0 0.7229166666666667 0.1648148148148148 0.07552083333333333 0.275
0 0.7010416666666667 0.7064814814814815 0.11041666666666666 0.27037037037037037
15 0.6239583333333333 0.41759259259259257 0.13854166666666667 0.25462962962962965
