12 0.3234375 0.5694444444444444 0.05260416666666667 0.08796296296296297
2 0.19479166666666667 0.8747685185185186 0.165625 0.2504629629629629
19 0.2869791666666667 0.6787037037037037 0.1125 0.23055555555555557
17 0.28489583333333335 0.3907407407407407 0.07083333333333333 0.1361111111111111
18 0.30364583333333334 0.2851851851851852 0.08385416666666666 0.14629629629629629
1 0.7682291666666666 0.3175925925925926 0.06510416666666667 0.20092592592592592
2 0.21979166666666666 0.5398148148148149 0.12239583333333333 0.3814814814814815
12 0.03802083333333333 0.5462962962962963 0.0734375 0.16574074074074074
7 0.28125 0.34444444444444444 0.0765625 0.12037037037037036
10 0.31614583333333335 0.6370370370370371 0.051041666666666666 0.09074074074074075
