11 0.3223958333333333 0.38425925925925924 0.14010416666666667 0.4444444444444444
3 0.5661458333333333 0.39814814814814814 0.06979166666666667 0.175
16 0.4609375 0.5592592592592592 0.057291666666666664 0.09722222222222222
0 0.9518229166666666 0.7388888888888889 0.09635416666666674 0.16111111111111112
14 0.2734375 0.8481481481481481 0.08020833333333334 0.11481481481481481
11 0.43854166666666666 0.7648148148148148 0.17916666666666667 0.4703703703703703
7 0.6208333333333333 0.7925925925925926 0.07135416666666666 0.16203703703703703
16 0.46822916666666664 0.4148148148148148 0.10260416666666666 0.18333333333333332
0 0.8515625 0.04583333333333333 0.07083333333333333 0.09166666666666666
16 0.5583333333333333 0.44166666666666665 0.1109375 0.22037037037037038
0 0.45260416666666664 0.25555555555555554 0.07604166666666666 0.19166666666666668
5 0.5046875 0.6055555555555555 0.07760416666666667 0.125
