11 0.5390625 0.7625 0.2203125 0.4750000000000001
0 0.725 0.9530092592592593 0.05677083333333333 0.09398148148148144
14 0.7973958333333333 0.9604166666666667 0.0484375 0.07916666666666672
14 0.5984375 0.7620370370370371 0.0578125 0.1259259259259259
0 0.9364583333333333 0.9337962962962962 0.10885416666666667 0.13240740740740742
19 0.7203125 0.44722222222222224 0.0921875 0.11944444444444445
0 0.7463541666666667 0.44074074074074077 0.0984375 0.31574074074074077
6 0.4864583333333333 0.6833333333333333 0.08645833333333333 0.2101851851851852
15 0.5947916666666667 0.6037037037037037 0.09270833333333334 0.1787037037037037
11 0.12291666666666666 0.8430555555555556 0.15572916666666667 0.3138888888888889
2 0.14166666666666666 0.5064814814814815 0.16145833333333334 0.425
