2 0.06067708333333334 0.15810185185185185 0.12135416666666668 0.3162037037037037
14 0.6739583333333333 0.7361111111111112 0.065625 0.10555555555555556
5 0.69375 0.5592592592592592 0.09479166666666666 0.09444444444444444
19 0.6822916666666666 0.9254629629629629 0.11770833333333333 0.14907407407407414
4 0.628125 0.5805555555555556 0.07447916666666667 0.19814814814814816
9 0.6265625 0.6944444444444444 0.11510416666666666 0.19444444444444445
0 0.0328125 0.924074074074074 0.059375 0.1518518518518518
19 0.5453125 0.49074074074074076 0.0890625 0.18796296296296297
11 0.5447916666666667 0.5712962962962963 0.16197916666666667 0.5027777777777778
4 0.6348958333333333 0.11574074074074074 0.10572916666666667 0.1712962962962963
