0 0.5822916666666667 0.7564814814814815 0.06510416666666667 0.1925925925925926
7 0.5161458333333333 0.46574074074074073 0.05416666666666667 0.08333333333333333
8 0.6848958333333334 0.5694444444444444 0.10833333333333334 0.13425925925925927
17 0.5515625 0.6231481481481481 0.05416666666666667 0.1111111111111111
12 0.6213541666666667 0.7379629629629629 0.07395833333333333 0.17037037037037037
0 0.7786458333333334 0.07615740740740741 0.090625 0.15231481481481482
5 0.7125 0.4046296296296296 0.06041666666666667 0.09259259259259259
11 0.9555989583333333 0.16643518518518519 0.08880208333333339 0.33287037037037037
19 0.546875 0.5796296296296296 0.12447916666666667 0.16944444444444445
0 0.5604166666666667 0.6444444444444445 0.10885416666666667 0.2064814814814815
2 0.5786458333333333 0.8222222222222222 0.16041666666666668 0.3555555555555556
2 0.40729166666666666 0.7409722222222223 0.22916666666666666 0.5180555555555555
12 0.584375 0.575925925925926 0.06197916666666667 0.1787037037037037
