13 0.5541666666666667 0.2712962962962963 0.103125 0.16111111111111112
2 0.303125 0.23819444444444443 0.19322916666666667 0.47638888888888886
19 0.5666666666666667 0.48518518518518516 0.09375 0.15833333333333333
11 0.7125 0.1726851851851852 0.159375 0.3453703703703704
0 0.8161458333333333 0.6768518518518518 0.08229166666666667 0.21296296296296297
13 0.5614583333333333 0.13796296296296295 0.08489583333333334 0.12685185185185185
6 0.5291666666666667 0.4962962962962963 0.08125 0.10555555555555556
18 0.5729166666666666 0.3962962962962963 0.08125 0.1175925925925926
18 0.48072916666666665 0.42407407407407405 0.08489583333333334 0.1574074074074074
0 0.81875 0.8342592592592593 0.0859375 0.1527777777777778
6 0.728125 0.44537037037037036 0.08802083333333334 0.19444444444444445
