3 0.7427083333333333 0.6324074074074074 0.08020833333333334 0.1537037037037037
0 0.175 0.7935185185185185 0.09322916666666667 0.2796296296296296
2 0.5333333333333333 0.7018518518518518 0.1953125 0.5425925925925926
12 0.8734375 0.55 0.04635416666666667 0.09444444444444444
0 0.42916666666666664 0.1287037037037037 0.0734375 0.2175925925925926
2 0.05924479166666667 0.2212962962962963 0.11848958333333334 0.4222222222222222
6 0.7822916666666667 0.7425925925925926 0.07916666666666666 0.14629629629629629
2 0.7395833333333334 0.8071759259259259 0.18489583333333334 0.3856481481481482
3 0.584375 0.6111111111111112 0.08020833333333334 0.15
1 0.8552083333333333 0.08217592592592593 0.09895833333333333 0.16435185185185186
5 0.8869791666666667 0.7074074074074074 0.07135416666666666 0.15555555555555556
