11 0.834375 0.14699074074074076 0.1390625 0.2939814814814815
1 0.27291666666666664 0.1425925925925926 0.14322916666666666 0.20092592592592592
4 0.37395833333333334 0.7888888888888889 0.1 0.1425925925925926
9 0.3848958333333333 0.6277777777777778 0.05416666666666667 0.10462962962962963
17 0.1859375 0.6861111111111111 0.0734375 0.11481481481481481
2 0.6239583333333333 0.375 0.15052083333333333 0.4962962962962963
14 0.36770833333333336 0.7055555555555556 0.04791666666666667 0.08611111111111111
15 0.14166666666666666 0.3824074074074074 0.10729166666666666 0.11203703703703703
17 0.36875 0.48055555555555557 0.11614583333333334 0.17314814814814813
0 0.5958333333333333 0.30925925925925923 0.06302083333333333 0.15462962962962962
18 0.18125 0.33611111111111114 0.0859375 0.14629629629629629
2 0.9311197916666667 0.4462962962962963 0.1377604166666666 0.43333333333333335
0 0.8963541666666667 0.6083333333333333 0.1203125 0.3101851851851852
