14 0.8286458333333333 0.575925925925926 0.06197916666666667 0.09907407407407408
0 0.290625 0.5740740740740741 0.08854166666666667 0.22962962962962963
16 0.765625 0.8537037037037037 0.09791666666666667 0.1648148148148148
4 0.7479166666666667 0.5092592592592593 0.07604166666666666 0.15185185185185185
0 0.07552083333333333 0.6203703703703703 0.103125 0.18888888888888888
5 0.8973958333333333 0.5935185185185186 0.05260416666666667 0.13425925925925927
3 0.9875 0.6074074074074074 0.025000000000000022 0.09907407407407408
10 0.7729166666666667 0.32592592592592595 0.090625 0.18055555555555555
0 0.909375 0.3814814814814815 0.06510416666666667 0.17407407407407408
2 0.3963541666666667 0.21944444444444444 0.13802083333333334 0.41759259259259257
3 0.9782552083333333 0.6027777777777777 0.043489583333333304 0.13148148148148148
