17 0.6692708333333334 0.2361111111111111 0.0609375 0.1175925925925926
0 0.25885416666666666 0.36574074074074076 0.09166666666666666 0.25555555555555554
11 0.9157552083333333 0.6555555555555556 0.1684895833333333 0.47962962962962963
7 0.6390625 0.5055555555555555 0.05416666666666667 0.08611111111111111
14 0.5567708333333333 0.4666666666666667 0.06666666666666667 0.11481481481481481
2 0.17291666666666666 0.10532407407407407 0.14583333333333334 0.21064814814814814
17 0.771875 0.36666666666666664 0.09791666666666667 0.14907407407407408
16 0.6296875 0.05486111111111111 0.10520833333333333 0.10972222222222222
6 0.6083333333333333 0.24722222222222223 0.15833333333333333 0.19166666666666668
2 0.6322916666666667 0.1648148148148148 0.16145833333333334 0.3296296296296296
16 0.8260416666666667 0.2851851851851852 0.07760416666666667 0.09166666666666666
