2 0.6098958333333333 0.8842592592592593 0.15416666666666667 0.2314814814814815
15 0.6734375 0.6027777777777777 0.0765625 0.10833333333333334
7 0.8489583333333334 0.46111111111111114 0.06614583333333333 0.13240740740740742
2 0.25625 0.3851851851851852 0.16927083333333334 0.44537037037037036
11 0.9177083333333333 0.4166666666666667 0.1645833333333333 0.4981481481481482
0 0.26145833333333335 0.7611111111111111 0.051041666666666666 0.2324074074074074
13 0.7489583333333333 0.2222222222222222 0.06302083333333333 0.11018518518518519
10 0.5651041666666666 0.8740740740740741 0.08229166666666667 0.12962962962962962
13 0.7104166666666667 0.649074074074074 0.09895833333333333 0.17037037037037037
0 0.7203125 0.5527777777777778 0.06770833333333333 0.20462962962962963
5 0.8552083333333333 0.44722222222222224 0.05260416666666667 0.1037037037037037
0 0.2786458333333333 0.6703703703703704 0.08645833333333333 0.17777777777777778
