0 0.740625 0.8900462962962963 0.1 0.21990740740740744
7 0.8479166666666667 0.046064814814814815 0.10729166666666666 0.09212962962962963
4 0.7010416666666667 0.7148148148148148 0.10416666666666667 0.20092592592592592
11 0.48854166666666665 0.2796296296296296 0.11927083333333334 0.524074074074074
2 0.6203125 0.750462962962963 0.140625 0.499074074074074
6 0.7260416666666667 0.35555555555555557 0.15520833333333334 0.17592592592592593
0 0.9088541666666666 0.09791666666666667 0.09739583333333333 0.19583333333333333
19 0.8078125 0.825925925925926 0.17135416666666667 0.2537037037037037
8 0.7276041666666667 0.5962962962962963 0.10052083333333334 0.18703703703703703
2 0.521875 0.7476851851851852 0.15208333333333332 0.5046296296296295
8 0.6947916666666667 0.6574074074074074 0.078125 0.17685185185185184
