6 0.8447916666666667 0.11851851851851852 0.103125 0.1648148148148148
0 0.09583333333333334 0.5222222222222223 0.09583333333333334 0.32685185185185184
12 0.5994791666666667 0.5787037037037037 0.0875 0.1111111111111111
0 0.6171875 0.29444444444444445 0.0578125 0.17314814814814813
2 0.21041666666666667 0.16365740740740742 0.15833333333333333 0.32731481481481484
4 0.56875 0.5990740740740741 0.07239583333333334 0.11481481481481481
2 0.296875 0.32592592592592595 0.18802083333333333 0.537962962962963
16 0.8208333333333333 0.4351851851851852 0.09114583333333333 0.16111111111111112
8 0.6645833333333333 0.24074074074074073 0.115625 0.1712962962962963
0 0.94375 0.850925925925926 0.07447916666666667 0.24444444444444444
10 0.86875 0.03726851851851852 0.08489583333333334 0.07453703703703704
16 0.5822916666666667 0.5166666666666667 0.0453125 0.0824074074074074
