9 0.3255208333333333 0.6407407407407407 0.07708333333333334 0.13796296296296295
14 0.0859375 0.5740740740740741 0.06822916666666666 0.17685185185185184
0 0.2125 0.15555555555555556 0.0953125 0.14814814814814814
2 0.17135416666666667 0.26666666666666666 0.1453125 0.39814814814814814
2 0.22864583333333333 0.16875 0.19322916666666667 0.3375
6 0.2713541666666667 0.6703703703703704 0.0796875 0.1111111111111111
6 0.1984375 0.43333333333333335 0.0546875 0.11388888888888889
12 0.2947916666666667 0.8787037037037037 0.1015625 0.14444444444444443
0 0.7770833333333333 0.4101851851851852 0.08802083333333334 0.19444444444444445
17 0.2838541666666667 0.6222222222222222 0.11927083333333334 0.22037037037037038
13 0.203125 0.5861111111111111 0.0640625 0.12407407407407407
