0 0.2375 0.8574074074074074 0.0671875 0.16944444444444445
4 0.6921875 0.5518518518518518 0.051041666666666666 0.08148148148148149
3 0.6463541666666667 0.7787037037037037 0.07083333333333333 0.11574074074074074
11 0.4875 0.3814814814814815 0.16458333333333333 0.5018518518518519
12 0.6536458333333334 0.637962962962963 0.0625 0.14351851851851852
0 0.6302083333333334 0.3675925925925926 0.0953125 0.21388888888888888
1 0.3828125 0.36203703703703705 0.1265625 0.1388888888888889
7 0.9372395833333333 0.8388888888888889 0.1255208333333333 0.1537037037037037
18 0.8197916666666667 0.19444444444444445 0.08489583333333334 0.16944444444444445
13 0.5848958333333333 0.7296296296296296 0.07864583333333333 0.13148148148148148
