3 0.5015625 0.425 0.065625 0.08796296296296297
0 0.203125 0.5555555555555556 0.08177083333333333 0.2361111111111111
1 0.08958333333333333 0.5722222222222222 0.07291666666666667 0.1175925925925926
0 0.14270833333333333 0.0763888888888889 0.046875 0.1527777777777778
8 0.45677083333333335 0.6564814814814814 0.05677083333333333 0.07592592592592592
10 0.471875 0.5787037037037037 0.15885416666666666 0.19074074074074074
5 0.3140625 0.44814814814814813 0.053125 0.11296296296296296
2 0.8010416666666667 0.1752314814814815 0.14739583333333334 0.350462962962963
2 0.5927083333333333 0.24282407407407408 0.18385416666666668 0.48564814814814816
5 0.3854166666666667 0.40555555555555556 0.07916666666666666 0.13333333333333333
