0 0.49270833333333336 0.7175925925925926 0.0859375 0.2111111111111111
8 0.15416666666666667 0.6694444444444444 0.06302083333333333 0.11203703703703703
19 0.403125 0.5305555555555556 0.15729166666666666 0.23055555555555557
17 0.37447916666666664 0.6675925925925926 0.10729166666666666 0.19444444444444445
16 0.46927083333333336 0.1425925925925926 0.1 0.11388888888888889
5 0.42916666666666664 0.4527777777777778 0.059895833333333336 0.0962962962962963
2 0.37083333333333335 0.3574074074074074 0.14322916666666666 0.4324074074074074
1 0.38697916666666665 0.6175925925925926 0.04895833333333333 0.14907407407407408
16 0.446875 0.5148148148148148 0.058854166666666666 0.1037037037037037
14 0.546875 0.4685185185185185 0.051041666666666666 0.13518518518518519
