16 0.7130208333333333 0.774074074074074 0.059895833333333336 0.11203703703703703
0 0.9811197916666667 0.7462962962962963 0.03776041666666663 0.2611111111111111
1 0.3026041666666667 0.5537037037037037 0.10520833333333333 0.16574074074074074
2 0.5265625 0.6462962962962963 0.171875 0.5518518518518518
2 0.16458333333333333 0.8101851851851851 0.15572916666666667 0.37962962962962976
0 0.31145833333333334 0.17222222222222222 0.06614583333333333 0.1398148148148148
11 0.33645833333333336 0.744212962962963 0.18333333333333332 0.5115740740740741
6 0.8583333333333333 0.5768518518518518 0.08229166666666667 0.13518518518518519
8 0.7520833333333333 0.5194444444444445 0.10729166666666666 0.13333333333333333
18 0.6161458333333333 0.5009259259259259 0.0765625 0.15185185185185185
