16 0.37916666666666665 0.29444444444444445 0.090625 0.13796296296296295
19 0.3645833333333333 0.2916666666666667 0.052083333333333336 0.12129629629629629
11 0.746875 0.31203703703703706 0.16770833333333332 0.44351851851851853
1 0.8760416666666667 0.649074074074074 0.084375 0.10185185185185185
16 0.3572916666666667 0.8398148148148148 0.0640625 0.10833333333333334
0 0.12395833333333334 0.562962962962963 0.10625 0.23333333333333334
8 0.1984375 0.4027777777777778 0.0625 0.14537037037037037
3 0.303125 0.4888888888888889 0.058333333333333334 0.12777777777777777
1 0.9809895833333333 0.9351851851851852 0.03802083333333339 0.06759259259259259
2 0.703125 0.17800925925925926 0.1546875 0.3560185185185185
