5 0.22864583333333333 0.36018518518518516 0.07447916666666667 0.19444444444444445
0 0.2989583333333333 0.11851851851851852 0.09427083333333333 0.2175925925925926
15 0.4088541666666667 0.6333333333333333 0.10520833333333333 0.1824074074074074
7 0.3572916666666667 0.4888888888888889 0.07604166666666666 0.1824074074074074
8 0.18333333333333332 0.08726851851851852 0.10052083333333334 0.17453703703703705
10 0.2598958333333333 0.6203703703703703 0.10833333333333334 0.11944444444444445
11 0.78125 0.2935185185185185 0.13541666666666666 0.40555555555555556
2 0.8848958333333333 0.23055555555555557 0.19270833333333334 0.46111111111111114
2 0.10677083333333333 0.7597222222222222 0.21354166666666666 0.4805555555555556
0 0.9369791666666667 0.5453703703703704 0.08229166666666667 0.2675925925925926
