0 0.7151041666666667 0.8351851851851851 0.07083333333333333 0.22314814814814815
11 0.09557291666666667 0.7155092592592592 0.19114583333333335 0.5689814814814815
17 0.5463541666666667 0.9231481481481482 0.08072916666666667 0.10092592592592593
11 0.5473958333333333 0.762962962962963 0.20260416666666667 0.4740740740740741
12 0.49895833333333334 0.5175925925925926 0.0703125 0.1787037037037037
15 0.4375 0.6712962962962963 0.103125 0.11851851851851852
6 0.5052083333333334 0.4046296296296296 0.06875 0.10833333333333334
12 0.5963541666666666 0.44074074074074077 0.0375 0.10092592592592593
14 0.525 0.4074074074074074 0.0578125 0.09722222222222222
3 0.7375 0.5398148148148149 0.05520833333333333 0.13703703703703704
11 0.056640625 0.5287037037037037 0.11328125 0.5842592592592593
