16 0.453125 0.3861111111111111 0.05625 0.09814814814814815
0 0.047135416666666666 0.7175925925925926 0.09427083333333333 0.22407407407407406
2 0.4557291666666667 0.6546296296296297 0.14739583333333334 0.4083333333333333
9 0.1828125 0.34074074074074073 0.06770833333333333 0.075
1 0.5734375 0.9175925925925925 0.16145833333333334 0.16481481481481486
11 0.6208333333333333 0.18009259259259258 0.1875 0.36018518518518516
14 0.44947916666666665 0.27037037037037037 0.08854166666666667 0.13240740740740742
6 0.32916666666666666 0.11203703703703703 0.08072916666666667 0.09907407407407408
12 0.45260416666666664 0.33611111111111114 0.05364583333333333 0.125
6 0.2515625 0.3907407407407407 0.07552083333333333 0.16018518518518518
2 0.48802083333333335 0.737037037037037 0.178125 0.4703703703703704
13 0.415625 0.16944444444444445 0.050520833333333334 0.10648148148148148
