0 0.6223958333333334 0.875 0.0484375 0.2
11 0.078125 0.5722222222222222 0.15625 0.5009259259259259
13 0.16770833333333332 0.6037037037037037 0.1 0.12222222222222222
6 0.31614583333333335 0.5314814814814814 0.08541666666666667 0.09444444444444444
11 0.8005208333333333 0.2655092592592593 0.22135416666666666 0.5310185185185186
11 0.42552083333333335 0.4351851851851852 0.16302083333333334 0.5685185185185185
4 0.3578125 0.5111111111111111 0.109375 0.19814814814814816
0 0.027604166666666666 0.7537037037037037 0.05520833333333333 0.1388888888888889
15 0.10052083333333334 0.5722222222222222 0.05677083333333333 0.08148148148148149
7 0.1625 0.11944444444444445 0.0703125 0.12314814814814815
