3 0.7432291666666667 0.10833333333333334 0.08489583333333334 0.10555555555555556
0 0.9536458333333333 0.8037037037037037 0.08229166666666667 0.2037037037037037
11 0.08541666666666667 0.3101851851851852 0.14583333333333334 0.5833333333333334
9 0.8041666666666667 0.32037037037037036 0.08958333333333333 0.2101851851851852
7 0.6197916666666666 0.5481481481481482 0.0578125 0.11203703703703703
6 0.7765625 0.2861111111111111 0.115625 0.18055555555555555
7 0.6395833333333333 0.14074074074074075 0.05364583333333333 0.08981481481481482
11 0.9437500000000001 0.5083333333333333 0.11249999999999993 0.462037037037037
0 0.045703125 0.6712962962962963 0.09140625 0.2861111111111111
14 0.6671875 0.06041666666666667 0.11822916666666666 0.12083333333333333
2 0.40625 0.8148148148148148 0.146875 0.37037037037037046
