11 0.20989583333333334 0.3388888888888889 0.2916666666666667 0.6509259259259259
4 0.5473958333333333 0.25462962962962965 0.08697916666666666 0.22037037037037038
0 0.2942708333333333 0.4027777777777778 0.07447916666666667 0.2
14 0.6630208333333333 0.7925925925925926 0.08697916666666666 0.13240740740740742
0 0.59375 0.09675925925925927 0.1421875 0.19351851851851853
0 0.19114583333333332 0.5666666666666667 0.0734375 0.26296296296296295
11 0.6510416666666666 0.575 0.15989583333333332 0.45
2 0.07708333333333334 0.33055555555555555 0.14166666666666666 0.4305555555555556
16 0.6203125 0.2953703703703704 0.0859375 0.08611111111111111
14 0.6348958333333333 0.3472222222222222 0.050520833333333334 0.09537037037037037
