2 0.9015625 0.8328703703703704 0.1609375 0.33425925925925926
16 0.4859375 0.625 0.053125 0.15648148148148147
0 0.6598958333333333 0.46944444444444444 0.059375 0.24166666666666667
9 0.4713541666666667 0.7277777777777777 0.07395833333333333 0.17314814814814813
15 0.21302083333333333 0.44907407407407407 0.13489583333333333 0.18888888888888888
0 0.821875 0.6722222222222223 0.13541666666666666 0.262037037037037
4 0.47708333333333336 0.3990740740740741 0.0640625 0.14166666666666666
2 0.9005208333333333 0.4361111111111111 0.1484375 0.5601851851851852
11 0.3932291666666667 0.19490740740740742 0.203125 0.38981481481481484
0 0.8713541666666667 0.45 0.10677083333333333 0.17314814814814813
3 0.4552083333333333 0.6935185185185185 0.043229166666666666 0.11296296296296296
