18 0.8229166666666666 0.6833333333333333 0.07083333333333333 0.09166666666666666
16 0.6161458333333333 0.9675925925925926 0.1109375 0.06481481481481488
8 0.6286458333333333 0.6268518518518519 0.05416666666666667 0.11944444444444445
4 0.7296875 0.637962962962963 0.07395833333333333 0.13796296296296295
2 0.8598958333333333 0.3787037037037037 0.19479166666666667 0.5083333333333333
16 0.6026041666666667 0.5537037037037037 0.08489583333333334 0.1574074074074074
11 0.4505208333333333 0.3194444444444444 0.12864583333333332 0.40185185185185185
0 0.45677083333333335 0.45185185185185184 0.08697916666666666 0.20092592592592592
15 0.6057291666666667 0.5037037037037037 0.12135416666666667 0.2351851851851852
5 0.675 0.7287037037037037 0.05572916666666667 0.08518518518518518
2 0.12604166666666666 0.7252314814814815 0.19583333333333333 0.549537037037037
