0 0.6442708333333333 0.054398148148148154 0.0875 0.10879629629629631
11 0.36354166666666665 0.25092592592592594 0.190625 0.462037037037037
15 0.5140625 0.7212962962962963 0.1171875 0.24351851851851852
11 0.45677083333333335 0.6407407407407407 0.19739583333333333 0.5111111111111111
3 0.7921875 0.775 0.05677083333333333 0.15462962962962962
0 0.546875 0.4777777777777778 0.08333333333333333 0.18796296296296297
11 0.8364583333333333 0.8444444444444444 0.15885416666666666 0.3111111111111111
3 0.665625 0.5407407407407407 0.051041666666666666 0.11574074074074074
15 0.8036458333333333 0.2759259259259259 0.08958333333333333 0.11296296296296296
12 0.5557291666666667 0.625 0.06041666666666667 0.13703703703703704
