1 0.765625 0.7703703703703704 0.09739583333333333 0.21203703703703702
11 0.8385416666666666 0.32407407407407407 0.14791666666666667 0.5731481481481482
6 0.39114583333333336 0.5481481481481482 0.08229166666666667 0.1814814814814815
11 0.7875 0.38425925925925924 0.1359375 0.43148148148148147
18 0.353125 0.8629629629629629 0.10260416666666666 0.1398148148148148
11 0.6807291666666667 0.14814814814814814 0.18541666666666667 0.2962962962962963
5 0.6041666666666666 0.6731481481481482 0.0671875 0.13518518518518519
0 0.5005208333333333 0.6759259259259259 0.050520833333333334 0.2
3 0.3932291666666667 0.4722222222222222 0.057291666666666664 0.11574074074074074
0 0.6171875 0.5212962962962963 0.04739583333333333 0.1648148148148148
