19 0.27239583333333334 0.8462962962962963 0.0859375 0.13425925925925927
14 0.4630208333333333 0.4777777777777778 0.07135416666666666 0.1259259259259259
0 0.5671875 0.06157407407407407 0.0984375 0.12314814814814815
2 0.39114583333333336 0.18425925925925926 0.15729166666666666 0.3685185185185185
4 0.13489583333333333 0.6138888888888889 0.12135416666666667 0.18888888888888888
11 0.8197916666666667 0.21944444444444444 0.14947916666666666 0.43796296296296294
7 0.2625 0.5064814814814815 0.08802083333333334 0.15833333333333333
15 0.1203125 0.6398148148148148 0.13645833333333332 0.24444444444444444
15 0.275 0.5796296296296296 0.09270833333333334 0.17685185185185184
14 0.3333333333333333 0.4666666666666667 0.05572916666666667 0.08888888888888889
