0 0.37135416666666665 0.4638888888888889 0.06458333333333334 0.21481481481481482
13 0.7104166666666667 0.6564814814814814 0.05364583333333333 0.08888888888888889
0 0.7046875 0.045138888888888895 0.0921875 0.09027777777777779
11 0.3765625 0.3287037037037037 0.19114583333333332 0.5
11 0.4270833333333333 0.5166666666666667 0.17708333333333334 0.5564814814814815
4 0.7895833333333333 0.6333333333333333 0.05260416666666667 0.12407407407407407
6 0.7182291666666667 0.712037037037037 0.12916666666666668 0.19814814814814816
9 0.7729166666666667 0.955324074074074 0.0890625 0.0893518518518519
19 0.6317708333333333 0.4546296296296296 0.096875 0.1398148148148148
3 0.5515625 0.3611111111111111 0.1015625 0.13796296296296295
