0 0.7354166666666667 0.24074074074074073 0.07552083333333333 0.19722222222222222
0 0.13697916666666668 0.6 0.09270833333333334 0.1398148148148148
9 0.34427083333333336 0.3472222222222222 0.1 0.17685185185185184
11 0.3328125 0.2988425925925926 0.15885416666666666 0.5976851851851852
13 0.32447916666666665 0.48148148148148145 0.07083333333333333 0.12129629629629629
13 0.4296875 0.5055555555555555 0.11145833333333334 0.1638888888888889
9 0.43802083333333336 0.5657407407407408 0.0984375 0.19907407407407407
11 0.171875 0.7319444444444444 0.13802083333333334 0.5361111111111112
11 0.058203124999999994 0.8458333333333333 0.11640624999999999 0.30833333333333335
12 0.4546875 0.42314814814814816 0.06979166666666667 0.11574074074074074
