11 0.16770833333333332 0.7509259259259259 0.14479166666666668 0.44814814814814813
1 0.428125 0.3712962962962963 0.1203125 0.13796296296296295
0 0.7427083333333333 0.49444444444444446 0.1203125 0.2537037037037037
0 0.5598958333333334 0.1287037037037037 0.04791666666666667 0.17037037037037037
6 0.8479166666666667 0.44722222222222224 0.13541666666666666 0.15462962962962962
8 0.7979166666666667 0.3675925925925926 0.0828125 0.11574074074074074
11 0.796875 0.19050925925925927 0.16875 0.38101851851851853
9 0.725 0.5361111111111111 0.065625 0.12407407407407407
15 0.6291666666666667 0.7 0.09479166666666666 0.2212962962962963
2 0.6708333333333333 0.5203703703703704 0.16822916666666668 0.5037037037037037
