3 0.36614583333333334 0.7944444444444444 0.04635416666666667 0.11296296296296296
11 0.89375 0.6157407407407407 0.15625 0.6157407407407407
8 0.3234375 0.2601851851851852 0.07708333333333334 0.09907407407407408
13 0.35104166666666664 0.8361111111111111 0.07291666666666667 0.10277777777777777
0 0.22135416666666666 0.13703703703703704 0.09010416666666667 0.17222222222222222
2 0.3255208333333333 0.15300925925925926 0.20364583333333333 0.3060185185185185
8 0.4161458333333333 0.09444444444444444 0.08229166666666667 0.16203703703703703
0 0.7114583333333333 0.07847222222222222 0.09114583333333333 0.15694444444444444
10 0.4640625 0.5268518518518519 0.1046875 0.16018518518518518
13 0.478125 0.8694444444444445 0.05 0.08333333333333333
3 0.42239583333333336 0.16666666666666666 0.10729166666666666 0.1259259259259259
0 0.5130208333333334 0.23703703703703705 0.1046875 0.17962962962962964
