19 0.58125 0.11203703703703703 0.1203125 0.11851851851851852
3 0.5927083333333333 0.37962962962962965 0.0671875 0.16944444444444445
14 0.6369791666666667 0.5796296296296296 0.08958333333333333 0.1175925925925926
13 0.5338541666666666 0.6175925925925926 0.0828125 0.1398148148148148
9 0.7567708333333333 0.7305555555555555 0.09947916666666666 0.11296296296296296
11 0.6515625 0.45555555555555555 0.1765625 0.44166666666666665
5 0.5432291666666667 0.5351851851851852 0.07604166666666666 0.06574074074074074
0 0.44427083333333334 0.5703703703703704 0.05260416666666667 0.1824074074074074
2 0.2515625 0.15787037037037038 0.17708333333333334 0.31574074074074077
6 0.41041666666666665 0.49074074074074076 0.084375 0.12222222222222222
