11 0.07695312500000001 0.3138888888888889 0.15390625000000002 0.5046296296296297
15 0.353125 0.5351851851851852 0.06927083333333334 0.11481481481481481
2 0.39479166666666665 0.3648148148148148 0.1796875 0.4666666666666667
11 0.11822916666666666 0.13796296296296295 0.13125 0.2759259259259259
0 0.4791666666666667 0.3055555555555556 0.049479166666666664 0.20462962962962963
5 0.5510416666666667 0.34629629629629627 0.057291666666666664 0.08611111111111111
13 0.48020833333333335 0.38055555555555554 0.078125 0.09537037037037037
7 0.53125 0.32314814814814813 0.07083333333333333 0.13240740740740742
15 0.4265625 0.28888888888888886 0.13541666666666666 0.15555555555555556
0 0.2864583333333333 0.5731481481481482 0.059895833333333336 0.23055555555555557
