0 0.8421875 0.1824074074074074 0.13072916666666667 0.2953703703703704
4 0.49322916666666666 0.5009259259259259 0.05260416666666667 0.11203703703703703
4 0.440625 0.5796296296296296 0.09947916666666666 0.12685185185185185
11 0.7791666666666667 0.19189814814814815 0.1921875 0.3837962962962963
19 0.42135416666666664 0.6287037037037037 0.11979166666666667 0.25925925925925924
12 0.44114583333333335 0.5685185185185185 0.09739583333333333 0.13425925925925927
4 0.4984375 0.21388888888888888 0.07708333333333334 0.09907407407407408
0 0.6291666666666667 0.8203703703703704 0.059895833333333336 0.2675925925925926
10 0.575 0.23333333333333334 0.16510416666666666 0.21388888888888888
0 0.8817708333333333 0.7944444444444444 0.06614583333333333 0.3138888888888889
3 0.5479166666666667 0.5055555555555555 0.0796875 0.10092592592592593
