0 0.7625 0.37037037037037035 0.09739583333333333 0.25925925925925924
9 0.2625 0.6444444444444445 0.09322916666666667 0.18333333333333332
6 0.4265625 0.36944444444444446 0.1109375 0.16018518518518518
17 0.33229166666666665 0.4203703703703704 0.0890625 0.14166666666666666
11 0.7166666666666667 0.687962962962963 0.171875 0.42592592592592593
19 0.32760416666666664 0.712037037037037 0.0609375 0.12037037037037036
5 0.22395833333333334 0.6259259259259259 0.09270833333333334 0.18888888888888888
0 0.17708333333333334 0.2518518518518518 0.07604166666666666 0.18796296296296297
0 0.859375 0.29444444444444445 0.09270833333333334 0.21944444444444444
19 0.33958333333333335 0.43333333333333335 0.14375 0.15555555555555556
12 0.31614583333333335 0.7814814814814814 0.059375 0.11296296296296296
