0 0.6598958333333333 0.7277777777777777 0.12604166666666666 0.2064814814814815
16 0.5005208333333333 0.39814814814814814 0.07135416666666666 0.17592592592592593
7 0.44166666666666665 0.6092592592592593 0.08854166666666667 0.11574074074074074
9 0.5854166666666667 0.41388888888888886 0.06041666666666667 0.1287037037037037
19 0.5901041666666667 0.4638888888888889 0.11822916666666666 0.2
0 0.696875 0.5740740740740741 0.1296875 0.2064814814814815
16 0.55625 0.2833333333333333 0.10572916666666667 0.13240740740740742
11 0.3645833333333333 0.8092592592592592 0.21875 0.38148148148148153
11 0.8604166666666667 0.867361111111111 0.13177083333333334 0.26527777777777783
11 0.6 0.8131944444444444 0.17708333333333334 0.3736111111111111
5 0.5442708333333334 0.5787037037037037 0.0765625 0.17314814814814813
9 0.6114583333333333 0.041666666666666664 0.103125 0.08333333333333333
