2 0.4354166666666667 0.8497685185185185 0.17395833333333333 0.30046296296296293
8 0.2635416666666667 0.5194444444444445 0.06666666666666667 0.09444444444444444
7 0.19583333333333333 0.5583333333333333 0.05416666666666667 0.1675925925925926
17 0.029947916666666668 0.4898148148148148 0.059895833333333336 0.19444444444444445
7 0.24947916666666667 0.637962962962963 0.07083333333333333 0.13148148148148148
0 0.9510416666666667 0.29814814814814816 0.06354166666666666 0.22685185185185186
11 0.371875 0.524074074074074 0.21875 0.5981481481481481
11 0.043619791666666664 0.8756944444444444 0.08723958333333333 0.24861111111111112
16 0.2859375 0.5138888888888888 0.0953125 0.2324074074074074
13 0.296875 0.6842592592592592 0.08645833333333333 0.14629629629629629
