16 0.6307291666666667 0.21481481481481482 0.0796875 0.18055555555555555
4 0.8833333333333333 0.42685185185185187 0.0875 0.13425925925925927
17 0.91875 0.6731481481481482 0.0875 0.18611111111111112
11 0.73125 0.7127314814814815 0.19375 0.5745370370370371
19 0.6755208333333333 0.6814814814814815 0.09010416666666667 0.17962962962962964
12 0.7921875 0.6046296296296296 0.03802083333333333 0.07777777777777778
18 0.66875 0.1648148148148148 0.07291666666666667 0.11388888888888889
0 0.9673177083333333 0.5120370370370371 0.06536458333333339 0.23425925925925925
2 0.3026041666666667 0.7699074074074074 0.1734375 0.46018518518518525
3 0.9375 0.04097222222222223 0.07708333333333334 0.08194444444444446
