11 0.8208333333333333 0.19166666666666665 0.16041666666666668 0.3833333333333333
17 0.64375 0.6638888888888889 0.11510416666666666 0.15555555555555556
2 0.8322916666666667 0.33240740740740743 0.15208333333333332 0.45740740740740743
12 0.609375 0.9222222222222223 0.1125 0.15462962962962962
1 0.784375 0.287962962962963 0.11197916666666667 0.18055555555555555
9 0.7625 0.45185185185185184 0.071875 0.12407407407407407
6 0.6359375 0.5666666666666667 0.050520833333333334 0.0962962962962963
5 0.69375 0.40925925925925927 0.08541666666666667 0.13518518518518519
11 0.11458333333333333 0.7560185185185185 0.15520833333333334 0.48796296296296293
12 0.6421875 0.5527777777777778 0.09270833333333334 0.1712962962962963
12 0.6364583333333333 0.4787037037037037 0.07395833333333333 0.1574074074074074
0 0.6145833333333334 0.8997685185185185 0.059375 0.20046296296296295
