7 0.36770833333333336 0.5138888888888888 0.058333333333333334 0.09351851851851851
2 0.4744791666666667 0.21944444444444444 0.13697916666666668 0.4027777777777778
0 0.5119791666666667 0.44814814814814813 0.10572916666666667 0.2490740740740741
16 0.44427083333333334 0.031712962962962964 0.0765625 0.06342592592592593
2 0.7208333333333333 0.5537037037037037 0.128125 0.3861111111111111
18 0.4791666666666667 0.7527777777777778 0.09375 0.13425925925925927
12 0.33489583333333334 0.09675925925925927 0.08958333333333333 0.19351851851851853
11 0.8588541666666667 0.4398148148148148 0.228125 0.5324074074074074
7 0.3125 0.28425925925925927 0.0859375 0.15092592592592594
5 0.24322916666666666 0.4388888888888889 0.07083333333333333 0.16296296296296298
0 0.9380208333333333 0.22962962962962963 0.096875 0.18796296296296297
8 0.31875 0.47962962962962963 0.078125 0.15555555555555556
