11 0.933984375 0.17708333333333334 0.13203125000000004 0.3541666666666667
0 0.1859375 0.10694444444444445 0.10208333333333333 0.2138888888888889
2 0.13854166666666667 0.7037037037037037 0.1421875 0.46944444444444444
16 0.4083333333333333 0.46574074074074073 0.07083333333333333 0.0787037037037037
0 0.8588541666666667 0.7712962962962963 0.10364583333333334 0.27870370370370373
7 0.5411458333333333 0.3972222222222222 0.09322916666666667 0.14629629629629629
0 0.6755208333333333 0.2953703703703704 0.08125 0.18796296296296297
8 0.5161458333333333 0.4222222222222222 0.1203125 0.23425925925925925
3 0.5052083333333334 0.29444444444444445 0.09270833333333334 0.13425925925925927
8 0.6625 0.6851851851851852 0.1125 0.13518518518518519
4 0.5791666666666667 0.7824074074074074 0.075 0.12407407407407407
