0 0.375 0.21203703703703702 0.11302083333333333 0.21574074074074073
8 0.5953125 0.9564814814814815 0.10208333333333333 0.08703703703703702
19 0.5713541666666667 0.7435185185185185 0.0984375 0.2175925925925926
0 0.36822916666666666 0.19166666666666668 0.059895833333333336 0.17962962962962964
2 0.125 0.7087962962962964 0.15625 0.5824074074074074
19 0.5473958333333333 0.6166666666666667 0.09791666666666667 0.14907407407407408
4 0.6296875 0.6592592592592592 0.07291666666666667 0.09259259259259259
11 0.196875 0.14675925925925926 0.20572916666666666 0.2935185185185185
12 0.459375 0.3527777777777778 0.06979166666666667 0.15833333333333333
11 0.16041666666666668 0.5314814814814814 0.1953125 0.5111111111111111
9 0.571875 0.7444444444444445 0.08072916666666667 0.14074074074074075
13 0.5015625 0.5509259259259259 0.0671875 0.10185185185185185
