8 0.4244791666666667 0.32592592592592595 0.08854166666666667 0.1648148148148148
11 0.7666666666666667 0.6777777777777778 0.20729166666666668 0.5851851851851851
10 0.26614583333333336 0.5722222222222222 0.1515625 0.26296296296296295
0 0.3802083333333333 0.5851851851851851 0.07395833333333333 0.18518518518518517
2 0.321875 0.11736111111111111 0.17760416666666667 0.23472222222222222
13 0.27291666666666664 0.8046296296296296 0.0734375 0.14814814814814814
16 0.19114583333333332 0.9081018518518518 0.08958333333333333 0.18379629629629635
9 0.15520833333333334 0.8629629629629629 0.059375 0.10925925925925926
16 0.06770833333333333 0.7314814814814815 0.11041666666666666 0.1935185185185185
5 0.18854166666666666 0.5175925925925926 0.06302083333333333 0.08425925925925926
11 0.9528645833333333 0.17476851851851852 0.0942708333333333 0.34953703703703703
