2 0.9046875 0.5796296296296296 0.1515625 0.6064814814814815
9 0.425 0.43703703703703706 0.08958333333333333 0.15648148148148147
1 0.0828125 0.8787037037037037 0.09114583333333333 0.15185185185185185
16 0.21770833333333334 0.21944444444444444 0.12083333333333333 0.21481481481481482
17 0.3145833333333333 0.4324074074074074 0.16614583333333333 0.2462962962962963
2 0.5895833333333333 0.8317129629629629 0.14114583333333333 0.33657407407407414
18 0.3734375 0.8601851851851852 0.0953125 0.15462962962962962
9 0.12604166666666666 0.5055555555555555 0.07395833333333333 0.12037037037037036
9 0.2390625 0.24074074074074073 0.10416666666666667 0.18796296296296297
7 0.4734375 0.39351851851851855 0.09114583333333333 0.13518518518518519
