9 0.1953125 0.27037037037037037 0.0734375 0.15
11 0.47604166666666664 0.6703703703703704 0.14739583333333334 0.42962962962962964
0 0.15625 0.10185185185185185 0.11822916666666666 0.2037037037037037
19 0.115625 0.40555555555555556 0.075 0.1527777777777778
18 0.2828125 0.3277777777777778 0.08802083333333334 0.11574074074074074
6 0.31979166666666664 0.44166666666666665 0.04583333333333333 0.17037037037037037
12 0.18802083333333333 0.31851851851851853 0.10416666666666667 0.14722222222222223
18 0.34479166666666666 0.14537037037037037 0.0890625 0.14814814814814814
11 0.6739583333333333 0.8141203703703703 0.14270833333333333 0.37175925925925923
2 0.7307291666666667 0.13472222222222222 0.14583333333333334 0.26944444444444443
