1 0.234375 0.34629629629629627 0.06041666666666667 0.2101851851851852
0 0.1875 0.6259259259259259 0.10885416666666667 0.20833333333333334
3 0.35208333333333336 0.5796296296296296 0.1 0.15092592592592594
7 0.7515625 0.37222222222222223 0.09322916666666667 0.17037037037037037
5 0.6645833333333333 0.24444444444444444 0.0671875 0.16574074074074074
13 0.5697916666666667 0.40925925925925927 0.059375 0.09444444444444444
11 0.065234375 0.7143518518518519 0.13046875 0.5712962962962963
18 0.5177083333333333 0.5981481481481481 0.06302083333333333 0.09259259259259259
16 0.5854166666666667 0.799074074074074 0.10208333333333333 0.19444444444444445
2 0.5052083333333334 0.2833333333333333 0.159375 0.5601851851851852
