14 0.12552083333333333 0.3111111111111111 0.075 0.09907407407407408
4 0.3234375 0.24166666666666667 0.0765625 0.11481481481481481
2 0.9227864583333334 0.15717592592592594 0.15442708333333333 0.3143518518518519
15 0.3177083333333333 0.5740740740740741 0.14114583333333333 0.20833333333333334
0 0.9276041666666667 0.34444444444444444 0.07291666666666667 0.1638888888888889
0 0.403125 0.44722222222222224 0.1234375 0.2361111111111111
0 0.15885416666666666 0.46296296296296297 0.1078125 0.2175925925925926
6 0.24583333333333332 0.5370370370370371 0.10052083333333334 0.18425925925925926
17 0.2526041666666667 0.09537037037037037 0.0828125 0.16111111111111112
10 0.2677083333333333 0.35833333333333334 0.07552083333333333 0.16111111111111112
18 0.215625 0.06574074074074074 0.057291666666666664 0.09444444444444444
