15 0.45 0.6925925925925925 0.11041666666666666 0.25925925925925924
5 0.590625 0.20092592592592592 0.0796875 0.19814814814814816
9 0.509375 0.4740740740740741 0.08177083333333333 0.10462962962962963
4 0.2703125 0.1287037037037037 0.0734375 0.12037037037037036
2 0.1171875 0.5898148148148148 0.14322916666666666 0.5055555555555555
0 0.25833333333333336 0.06458333333333333 0.09427083333333333 0.12916666666666665
0 0.0609375 0.7074074074074074 0.09583333333333334 0.11203703703703703
6 0.5598958333333334 0.6935185185185185 0.08125 0.1814814814814815
17 0.41354166666666664 0.3194444444444444 0.09791666666666667 0.13425925925925927
0 0.18385416666666668 0.5990740740740741 0.08489583333333334 0.21481481481481482
