2 0.8453125 0.2861111111111111 0.11927083333333334 0.387037037037037
0 0.6734375 0.5277777777777778 0.04583333333333333 0.19722222222222222
5 0.32447916666666665 0.8027777777777778 0.050520833333333334 0.0712962962962963
7 0.28020833333333334 0.6611111111111111 0.1375 0.1787037037037037
9 0.5526041666666667 0.26666666666666666 0.06145833333333333 0.075
1 0.5265625 0.04583333333333333 0.08489583333333334 0.09166666666666666
9 0.23333333333333334 0.5064814814814815 0.15 0.20555555555555555
5 0.3453125 0.4824074074074074 0.07708333333333334 0.1787037037037037
13 0.4192708333333333 0.34814814814814815 0.08020833333333334 0.1398148148148148
11 0.4875 0.2236111111111111 0.15104166666666666 0.4472222222222222
11 0.8630208333333333 0.7953703703703704 0.1953125 0.4092592592592592
0 0.4 0.2462962962962963 0.07760416666666667 0.1814814814814815
