11 0.14166666666666666 0.4 0.19635416666666666 0.5453703703703704
3 0.6755208333333333 0.812037037037037 0.07604166666666666 0.0962962962962963
11 0.06979166666666667 0.8074074074074074 0.13958333333333334 0.3851851851851852
19 0.70625 0.5666666666666667 0.10416666666666667 0.15185185185185185
0 0.17395833333333333 0.7981481481481482 0.06822916666666666 0.18333333333333332
17 0.48333333333333334 0.7518518518518519 0.09583333333333334 0.18981481481481483
6 0.4979166666666667 0.45925925925925926 0.09635416666666667 0.19907407407407407
9 0.634375 0.7388888888888889 0.0828125 0.14537037037037037
11 0.4765625 0.48333333333333334 0.1640625 0.5898148148148148
7 0.7442708333333333 0.9009259259259259 0.0578125 0.1037037037037037
