17 0.8630208333333333 0.33425925925925926 0.07864583333333333 0.09907407407407408
9 0.5651041666666666 0.8546296296296296 0.059895833333333336 0.10648148148148148
11 0.5828125 0.7865740740740741 0.13854166666666667 0.4268518518518518
0 0.051041666666666666 0.12314814814814815 0.0734375 0.2064814814814815
6 0.5177083333333333 0.45925925925925926 0.07604166666666666 0.1425925925925926
0 0.38229166666666664 0.20833333333333334 0.12291666666666666 0.19074074074074074
11 0.946484375 0.3861111111111111 0.10703125000000002 0.5212962962962963
11 0.36875 0.7696759259259259 0.20833333333333334 0.46064814814814814
13 0.7901041666666667 0.6925925925925925 0.07447916666666667 0.1675925925925926
1 0.06614583333333333 0.3435185185185185 0.06614583333333333 0.13055555555555556
