10 0.3541666666666667 0.3814814814814815 0.12447916666666667 0.2833333333333333
5 0.5708333333333333 0.5074074074074074 0.0953125 0.17592592592592593
19 0.40989583333333335 0.5333333333333333 0.109375 0.16666666666666666
19 0.30520833333333336 0.7481481481481481 0.11875 0.14351851851851852
1 0.05572916666666667 0.9462962962962963 0.04010416666666667 0.08611111111111111
11 0.5098958333333333 0.8611111111111112 0.18645833333333334 0.2777777777777777
1 0.5854166666666667 0.7787037037037037 0.08072916666666667 0.19074074074074074
11 0.4817708333333333 0.5740740740740741 0.14427083333333332 0.5546296296296296
11 0.9502604166666666 0.6907407407407407 0.09947916666666667 0.6185185185185186
15 0.26979166666666665 0.3537037037037037 0.10989583333333333 0.19907407407407407
0 0.34791666666666665 0.9342592592592592 0.06197916666666667 0.12129629629629629
