7 0.9291666666666667 0.6259259259259259 0.09427083333333333 0.15462962962962962
11 0.9477864583333333 0.8935185185185185 0.10442708333333328 0.21296296296296302
15 0.8385416666666666 0.7111111111111111 0.09166666666666666 0.09907407407407408
15 0.7583333333333333 0.7314814814814815 0.14010416666666667 0.18888888888888888
11 0.6838541666666667 0.42592592592592593 0.16979166666666667 0.6259259259259259
0 0.040234375 0.6324074074074074 0.08046875 0.31203703703703706
13 0.6640625 0.462037037037037 0.109375 0.22962962962962963
19 0.7760416666666666 0.737037037037037 0.0921875 0.13425925925925927
4 0.7848958333333333 0.2851851851851852 0.06302083333333333 0.11388888888888889
0 0.9583333333333334 0.9351851851851851 0.08333333333333326 0.12962962962962965
8 0.7208333333333333 0.5666666666666667 0.08802083333333334 0.16018518518518518
