9 0.5442708333333334 0.6481481481481481 0.065625 0.10277777777777777
14 0.54375 0.42777777777777776 0.059375 0.0962962962962963
0 0.40677083333333336 0.25833333333333336 0.05520833333333333 0.22592592592592592
9 0.5208333333333334 0.2759259259259259 0.09895833333333333 0.15925925925925927
12 0.42916666666666664 0.5037037037037037 0.0734375 0.13148148148148148
2 0.04635416666666667 0.6111111111111112 0.09270833333333334 0.5185185185185185
0 0.1625 0.42777777777777776 0.09375 0.1712962962962963
11 0.07578125 0.23425925925925925 0.1515625 0.4111111111111111
0 0.5270833333333333 0.125 0.06458333333333334 0.24722222222222223
8 0.44947916666666665 0.1962962962962963 0.06822916666666666 0.08796296296296297
3 0.4046875 0.41574074074074074 0.0671875 0.08148148148148149
3 0.38177083333333334 0.24722222222222223 0.09270833333333334 0.10648148148148148
