1 0.32864583333333336 0.24351851851851852 0.09427083333333333 0.1814814814814815
6 0.6072916666666667 0.3888888888888889 0.09166666666666666 0.23981481481481481
0 0.8541666666666666 0.912962962962963 0.0578125 0.13148148148148148
7 0.6057291666666667 0.5527777777777778 0.10104166666666667 0.1685185185185185
11 0.8270833333333333 0.8604166666666666 0.178125 0.2791666666666667
6 0.4630208333333333 0.8101851851851852 0.13697916666666668 0.14907407407407408
0 0.49322916666666666 0.8148148148148148 0.103125 0.21944444444444444
5 0.6885416666666667 0.6277777777777778 0.05520833333333333 0.14629629629629629
11 0.29739583333333336 0.8409722222222222 0.221875 0.31805555555555554
7 0.6463541666666667 0.6185185185185185 0.0859375 0.1935185185185185
2 0.540625 0.880787037037037 0.16458333333333333 0.23842592592592593
