9 0.10104166666666667 0.48148148148148145 0.078125 0.12777777777777777
12 0.1875 0.8055555555555556 0.04010416666666667 0.08888888888888889
12 0.334375 0.5481481481481482 0.058854166666666666 0.08055555555555556
6 0.19166666666666668 0.6425925925925926 0.1 0.16296296296296298
0 0.020442708333333334 0.17592592592592593 0.04088541666666667 0.22777777777777777
2 0.7401041666666667 0.7599537037037037 0.15572916666666667 0.4800925925925925
16 0.403125 0.7175925925925926 0.0671875 0.12037037037037036
11 0.4666666666666667 0.20231481481481484 0.13541666666666666 0.4046296296296297
8 0.30625 0.5888888888888889 0.06614583333333333 0.09074074074074075
16 0.4765625 0.774074074074074 0.0671875 0.14444444444444443
