14 0.5796875 0.5351851851851852 0.04791666666666667 0.13148148148148148
8 0.7114583333333333 0.6092592592592593 0.06614583333333333 0.1
14 0.9645833333333333 0.37407407407407406 0.0708333333333333 0.19907407407407407
12 0.54375 0.3787037037037037 0.08541666666666667 0.14166666666666666
12 0.6151041666666667 0.6240740740740741 0.059895833333333336 0.18796296296296297
7 0.7369791666666666 0.6638888888888889 0.07864583333333333 0.15833333333333333
1 0.2942708333333333 0.05416666666666667 0.10885416666666667 0.10833333333333334
2 0.32135416666666666 0.7064814814814815 0.13958333333333334 0.562962962962963
0 0.9578125 0.1261574074074074 0.08437499999999998 0.2523148148148148
1 0.27708333333333335 0.9182870370370371 0.12864583333333332 0.16342592592592597
11 0.5510416666666667 0.6981481481481482 0.19270833333333334 0.43425925925925923
14 0.734375 0.6574074074074074 0.05520833333333333 0.10462962962962963
