0 0.5265625 0.16574074074074074 0.14947916666666666 0.16666666666666666
0 0.7609375 0.9238425925925926 0.07291666666666667 0.1523148148148148
13 0.25833333333333336 0.04513888888888889 0.12083333333333333 0.09027777777777778
9 0.45989583333333334 0.30277777777777776 0.07708333333333334 0.12222222222222222
11 0.7703125 0.18032407407407408 0.15416666666666667 0.36064814814814816
5 0.4515625 0.1824074074074074 0.0890625 0.1527777777777778
5 0.3375 0.825 0.08958333333333333 0.2111111111111111
2 0.6322916666666667 0.18680555555555556 0.12395833333333334 0.3736111111111111
8 0.15260416666666668 0.2833333333333333 0.0578125 0.13148148148148148
0 0.6484375 0.4666666666666667 0.07916666666666666 0.19444444444444445
11 0.6703125 0.8171296296296297 0.2015625 0.3657407407407407
