19 0.33697916666666666 0.4 0.096875 0.1388888888888889
2 0.8651041666666667 0.2601851851851852 0.18489583333333334 0.5157407407407407
4 0.28958333333333336 0.3648148148148148 0.06770833333333333 0.14351851851851852
11 0.46875 0.24421296296296297 0.15729166666666666 0.48842592592592593
0 0.1046875 0.7185185185185186 0.07135416666666666 0.17685185185185184
17 0.20885416666666667 0.5157407407407407 0.115625 0.14351851851851852
16 0.4161458333333333 0.45925925925925926 0.07760416666666667 0.16018518518518518
6 0.19791666666666666 0.3787037037037037 0.140625 0.20277777777777778
9 0.30104166666666665 0.5555555555555556 0.06510416666666667 0.1111111111111111
11 0.6776041666666667 0.22800925925925924 0.175 0.4560185185185185
1 0.89375 0.8638888888888889 0.05260416666666667 0.09259259259259259
