11 0.596875 0.44814814814814813 0.175 0.4583333333333333
2 0.5494791666666666 0.3648148148148148 0.15416666666666667 0.5657407407407408
11 0.8541666666666666 0.537962962962963 0.18385416666666668 0.512962962962963
19 0.690625 0.43333333333333335 0.10729166666666666 0.2361111111111111
3 0.4979166666666667 0.11851851851851852 0.0734375 0.1685185185185185
19 0.5302083333333333 0.44814814814814813 0.11197916666666667 0.1648148148148148
5 0.8838541666666667 0.24722222222222223 0.07864583333333333 0.1574074074074074
7 0.55625 0.5027777777777778 0.09322916666666667 0.16296296296296298
4 0.6869791666666667 0.337037037037037 0.0765625 0.1398148148148148
0 0.6723958333333333 0.687962962962963 0.06302083333333333 0.20555555555555555
1 0.40208333333333335 0.12222222222222222 0.08333333333333333 0.19166666666666668
