3 0.5921875 0.5074074074074074 0.046875 0.0962962962962963
2 0.056380208333333334 0.14282407407407408 0.11276041666666667 0.28564814814814815
8 0.6859375 0.7833333333333333 0.10833333333333334 0.1925925925925926
2 0.07395833333333333 0.2513888888888889 0.13854166666666667 0.5027777777777778
0 0.48854166666666665 0.32592592592592595 0.071875 0.18796296296296297
9 0.6026041666666667 0.512962962962963 0.06510416666666667 0.1175925925925926
9 0.5875 0.27314814814814814 0.09375 0.19907407407407407
7 0.9645833333333333 0.8240740740740741 0.04791666666666667 0.08518518518518518
14 0.6932291666666667 0.4185185185185185 0.06197916666666667 0.17777777777777778
0 0.04635416666666667 0.21481481481481482 0.05677083333333333 0.1638888888888889
