0 0.7494791666666667 0.7407407407407407 0.11666666666666667 0.2574074074074074
7 0.5890625 0.9388888888888889 0.0453125 0.075
14 0.5338541666666666 0.575 0.06822916666666666 0.10462962962962963
10 0.671875 0.712037037037037 0.16145833333333334 0.21851851851851853
2 0.9302083333333333 0.5324074074074074 0.1395833333333334 0.46574074074074073
1 0.7072916666666667 0.5092592592592593 0.14010416666666667 0.125
11 0.35104166666666664 0.8229166666666666 0.18333333333333332 0.35416666666666674
17 0.42916666666666664 0.11018518518518519 0.10729166666666666 0.20462962962962963
15 0.5197916666666667 0.5712962962962963 0.07864583333333333 0.14074074074074075
8 0.7848958333333333 0.5787037037037037 0.06510416666666667 0.12222222222222222
0 0.6630208333333333 0.35555555555555557 0.07239583333333334 0.17037037037037037
2 0.7192708333333333 0.1900462962962963 0.16510416666666666 0.3800925925925926
