1 0.28229166666666666 0.22592592592592592 0.12239583333333333 0.19537037037037036
1 0.06510416666666667 0.041435185185185186 0.0703125 0.08287037037037037
11 0.525 0.7185185185185186 0.14479166666666668 0.45
2 0.6916666666666667 0.11875000000000001 0.12083333333333333 0.23750000000000002
17 0.7552083333333334 0.23796296296296296 0.11822916666666666 0.17777777777777778
6 0.184375 0.28888888888888886 0.10208333333333333 0.11018518518518519
19 0.2234375 0.7555555555555555 0.11458333333333333 0.2101851851851852
3 0.49114583333333334 0.7388888888888889 0.06927083333333334 0.1388888888888889
11 0.50625 0.7784722222222222 0.15416666666666667 0.44305555555555554
12 0.23125 0.8685185185185185 0.10052083333333334 0.14166666666666666
0 0.5135416666666667 0.0798611111111111 0.13125 0.1597222222222222
12 0.12083333333333333 0.5018518518518519 0.0515625 0.11203703703703703
