15 0.8307291666666666 0.48148148148148145 0.08020833333333334 0.09259259259259259
2 0.40625 0.28703703703703703 0.1390625 0.5175925925925926
1 0.9578125 0.649074074074074 0.08437500000000009 0.21296296296296297
11 0.28854166666666664 0.2564814814814815 0.17864583333333334 0.5018518518518519
13 0.5520833333333334 0.44537037037037036 0.115625 0.18333333333333332
6 0.728125 0.6574074074074074 0.07760416666666667 0.125
14 0.44635416666666666 0.5333333333333333 0.08385416666666666 0.17037037037037037
5 0.5270833333333333 0.7490740740740741 0.07864583333333333 0.13703703703703704
11 0.3921875 0.89375 0.14479166666666668 0.21250000000000002
0 0.958984375 0.9224537037037037 0.08203125 0.15509259259259256
5 0.75625 0.4212962962962963 0.06197916666666667 0.11388888888888889
