7 0.3182291666666667 0.6194444444444445 0.075 0.16666666666666666
0 0.6130208333333333 0.9159722222222222 0.08072916666666667 0.1680555555555555
6 0.2390625 0.6333333333333333 0.09270833333333334 0.09537037037037037
0 0.6411458333333333 0.49444444444444446 0.07552083333333333 0.24074074074074073
11 0.9261718750000001 0.4351851851851852 0.14765624999999993 0.6157407407407407
0 0.19479166666666667 0.12314814814814815 0.13854166666666667 0.2462962962962963
14 0.2609375 0.6092592592592593 0.0875 0.10092592592592593
10 0.3421875 0.42407407407407405 0.13958333333333334 0.22962962962962963
15 0.26510416666666664 0.6620370370370371 0.15833333333333333 0.2037037037037037
19 0.3619791666666667 0.37407407407407406 0.09583333333333334 0.14444444444444443
