0 0.6041666666666666 0.7314814814814815 0.06614583333333333 0.21574074074074073
4 0.6947916666666667 0.7333333333333333 0.08020833333333334 0.14537037037037037
11 0.3453125 0.8141203703703703 0.16145833333333334 0.37175925925925923
0 0.534375 0.2861111111111111 0.08177083333333333 0.19722222222222222
8 0.7328125 0.7018518518518518 0.121875 0.15648148148148147
19 0.6869791666666667 0.6861111111111111 0.11770833333333333 0.17777777777777778
17 0.5244791666666667 0.2388888888888889 0.078125 0.11296296296296296
2 0.2796875 0.48518518518518516 0.17708333333333334 0.47685185185185186
13 0.7 0.38333333333333336 0.07760416666666667 0.13333333333333333
12 0.5609375 0.7231481481481481 0.053125 0.10185185185185185
