3 0.9819010416666667 0.14166666666666666 0.03619791666666672 0.14537037037037037
0 0.35572916666666665 0.562037037037037 0.10572916666666667 0.25833333333333336
10 0.8385416666666666 0.2564814814814815 0.13072916666666667 0.21388888888888888
12 0.7010416666666667 0.5027777777777778 0.06614583333333333 0.07592592592592592
3 0.8739583333333333 0.5833333333333334 0.06458333333333334 0.07407407407407407
0 0.8359375 0.7490740740740741 0.121875 0.24074074074074073
12 0.8057291666666667 0.5287037037037037 0.0546875 0.14907407407407408
2 0.12083333333333333 0.42407407407407405 0.15364583333333334 0.42407407407407405
19 0.7052083333333333 0.4638888888888889 0.09114583333333333 0.1527777777777778
11 0.06510416666666666 0.5648148148148148 0.13020833333333331 0.5509259259259259
11 0.5036458333333333 0.6268518518518519 0.16197916666666667 0.5787037037037037
0 0.42552083333333335 0.6888888888888889 0.06197916666666667 0.23148148148148148
