0 0.4822916666666667 0.6537037037037037 0.07604166666666666 0.17962962962962964
2 0.2359375 0.7203703703703703 0.18645833333333334 0.4935185185185185
7 0.5416666666666666 0.9027777777777778 0.0796875 0.07592592592592592
2 0.18541666666666667 0.825462962962963 0.14479166666666668 0.3490740740740741
14 0.3614583333333333 0.3074074074074074 0.071875 0.10555555555555556
10 0.5286458333333334 0.6370370370370371 0.09895833333333333 0.17314814814814813
6 0.4557291666666667 0.6083333333333333 0.11197916666666667 0.20092592592592592
0 0.050520833333333334 0.5064814814814815 0.07135416666666666 0.2064814814814815
0 0.440625 0.5370370370370371 0.09479166666666666 0.2175925925925926
2 0.3697916666666667 0.8388888888888888 0.20208333333333334 0.3222222222222223
