5 0.7640625 0.44166666666666665 0.07083333333333333 0.18055555555555555
11 0.5755208333333334 0.6796296296296296 0.1640625 0.42407407407407405
7 0.6640625 0.3907407407407407 0.06770833333333333 0.125
6 0.7489583333333333 0.6240740740740741 0.12864583333333332 0.18888888888888888
18 0.6432291666666666 0.5212962962962963 0.08385416666666666 0.16574074074074074
2 0.47291666666666665 0.8159722222222222 0.18020833333333333 0.3680555555555556
0 0.8932291666666666 0.6611111111111111 0.07135416666666666 0.23425925925925925
1 0.49270833333333336 0.15648148148148147 0.10208333333333333 0.23425925925925925
7 0.6255208333333333 0.23796296296296296 0.07760416666666667 0.12407407407407407
9 0.6166666666666667 0.3074074074074074 0.051041666666666666 0.10462962962962963
