0 0.4401041666666667 0.3851851851851852 0.0859375 0.2657407407407407
0 0.7354166666666667 0.3314814814814815 0.07395833333333333 0.23055555555555557
8 0.6541666666666667 0.6203703703703703 0.08177083333333333 0.11388888888888889
15 0.5927083333333333 0.7287037037037037 0.10364583333333334 0.11481481481481481
0 0.6828125 0.6962962962962963 0.096875 0.19166666666666668
10 0.7515625 0.6166666666666667 0.10625 0.2722222222222222
17 0.7520833333333333 0.46296296296296297 0.08229166666666667 0.1287037037037037
16 0.45625 0.6574074074074074 0.096875 0.1787037037037037
11 0.5177083333333333 0.24259259259259258 0.215625 0.48518518518518516
17 0.6041666666666666 0.587037037037037 0.07291666666666667 0.1361111111111111
6 0.7067708333333333 0.7074074074074074 0.1140625 0.18981481481481483
