4 0.6604166666666667 0.4824074074074074 0.058333333333333334 0.0824074074074074
15 0.5609375 0.662962962962963 0.08229166666666667 0.1398148148148148
0 0.2046875 0.48055555555555557 0.05416666666666667 0.22685185185185186
0 0.7302083333333333 0.6185185185185185 0.10104166666666667 0.16944444444444445
0 0.40625 0.22314814814814815 0.13177083333333334 0.22777777777777777
2 0.30625 0.13078703703703703 0.19375 0.26157407407407407
17 0.5354166666666667 0.5574074074074075 0.06197916666666667 0.10277777777777777
2 0.3572916666666667 0.7641203703703704 0.1234375 0.4717592592592592
10 0.759375 0.5898148148148148 0.15104166666666666 0.24722222222222223
14 0.509375 0.5268518518518519 0.08229166666666667 0.14814814814814814
5 0.8536458333333333 0.5203703703703704 0.0515625 0.08703703703703704
18 0.7927083333333333 0.5166666666666667 0.09583333333333334 0.1361111111111111
