11 0.9537760416666666 0.14444444444444446 0.09244791666666674 0.2888888888888889
2 0.4036458333333333 0.2835648148148148 0.14479166666666668 0.5671296296296297
0 0.7276041666666667 0.3194444444444444 0.1015625 0.225
0 0.20208333333333334 0.33240740740740743 0.10364583333333334 0.22407407407407406
3 0.4270833333333333 0.19166666666666668 0.07916666666666666 0.10555555555555556
2 0.31979166666666664 0.8902777777777777 0.1515625 0.21944444444444444
18 0.4901041666666667 0.15092592592592594 0.053125 0.0962962962962963
9 0.4239583333333333 0.22685185185185186 0.11041666666666666 0.17222222222222222
1 0.26875 0.06018518518518519 0.14322916666666666 0.12037037037037038
5 0.31927083333333334 0.6694444444444444 0.03854166666666667 0.08703703703703704
