10 0.41458333333333336 0.5370370370370371 0.14479166666666668 0.21574074074074073
15 0.321875 0.4074074074074074 0.12708333333333333 0.1398148148148148
0 0.42083333333333334 0.8037037037037037 0.08177083333333333 0.19444444444444445
8 0.4375 0.48518518518518516 0.1484375 0.2712962962962963
13 0.30364583333333334 0.45555555555555555 0.0796875 0.13518518518518519
10 0.5453125 0.6481481481481481 0.1203125 0.20277777777777778
1 0.06236979166666666 0.8046296296296296 0.12473958333333332 0.20462962962962963
11 0.4588541666666667 0.8148148148148149 0.14375 0.37037037037037024
3 0.5286458333333334 0.3990740740740741 0.084375 0.1388888888888889
11 0.2713541666666667 0.7527777777777778 0.17083333333333334 0.47314814814814815
11 0.8677083333333333 0.2416666666666667 0.20677083333333332 0.4833333333333334
