6 0.15833333333333333 0.2462962962962963 0.11302083333333333 0.15462962962962962
2 0.7552083333333334 0.5203703703703704 0.22291666666666668 0.6083333333333333
4 0.22760416666666666 0.5787037037037037 0.0796875 0.10740740740740741
18 0.328125 0.1388888888888889 0.05677083333333333 0.0962962962962963
0 0.28229166666666666 0.44537037037037036 0.09947916666666666 0.23055555555555557
11 0.5359375 0.7636574074074074 0.19635416666666666 0.4726851851851852
9 0.16302083333333334 0.3888888888888889 0.0765625 0.12314814814814815
2 0.2171875 0.4083333333333333 0.14635416666666667 0.4398148148148148
16 0.011328125 0.2222222222222222 0.02265625 0.08333333333333333
1 0.5734375 0.3712962962962963 0.15208333333333332 0.15185185185185185
6 0.16510416666666666 0.5407407407407407 0.12239583333333333 0.22592592592592592
