14 0.65 0.3175925925925926 0.09635416666666667 0.14722222222222223
6 0.5328125 0.287962962962963 0.10572916666666667 0.1527777777777778
15 0.8010416666666667 0.7870370370370371 0.11354166666666667 0.2740740740740741
15 0.4625 0.5833333333333334 0.10364583333333334 0.15185185185185185
2 0.18177083333333333 0.6435185185185185 0.15208333333333332 0.4759259259259259
9 0.7229166666666667 0.262037037037037 0.0984375 0.1648148148148148
1 0.7182291666666667 0.6231481481481481 0.052083333333333336 0.09814814814814815
14 0.5833333333333334 0.7064814814814815 0.049479166666666664 0.07685185185185185
11 0.9135416666666667 0.15300925925925926 0.1640625 0.3060185185185185
0 0.027083333333333334 0.8611111111111112 0.05416666666666667 0.18333333333333332
15 0.6333333333333333 0.537962962962963 0.11041666666666666 0.23981481481481481
