11 0.5973958333333333 0.5324074074074074 0.22447916666666667 0.5574074074074075
0 0.5666666666666667 0.4703703703703704 0.05572916666666667 0.19907407407407407
7 0.7010416666666667 0.6592592592592592 0.09895833333333333 0.17314814814814813
14 0.7463541666666667 0.3972222222222222 0.075 0.14074074074074075
0 0.5104166666666666 0.3527777777777778 0.10364583333333334 0.16018518518518518
13 0.7380208333333333 0.5351851851851852 0.08958333333333333 0.13703703703703704
16 0.6890625 0.6657407407407407 0.084375 0.1037037037037037
11 0.12083333333333333 0.1849537037037037 0.1609375 0.3699074074074074
5 0.6302083333333334 0.4388888888888889 0.06458333333333334 0.17407407407407408
2 0.753125 0.842824074074074 0.13020833333333334 0.3143518518518519
5 0.7109375 0.9268518518518518 0.043229166666666666 0.08703703703703704
4 0.6817708333333333 0.9527777777777777 0.05625 0.09444444444444444
