9 0.24635416666666668 0.35185185185185186 0.10052083333333334 0.13518518518518519
8 0.4276041666666667 0.45185185185185184 0.0796875 0.21388888888888888
6 0.25677083333333334 0.43148148148148147 0.11770833333333333 0.17592592592592593
1 0.8390625 0.600925925925926 0.1296875 0.13703703703703704
10 0.3546875 0.15833333333333333 0.0890625 0.15555555555555556
11 0.15364583333333334 0.3453703703703704 0.14791666666666667 0.4388888888888889
6 0.29583333333333334 0.45925925925925926 0.11458333333333333 0.12222222222222222
10 0.4859375 0.3398148148148148 0.07447916666666667 0.18888888888888888
2 0.5515625 0.774537037037037 0.1640625 0.45092592592592595
11 0.7791666666666667 0.5740740740740741 0.165625 0.4324074074074074
