17 0.6208333333333333 0.7574074074074074 0.10104166666666667 0.1388888888888889
14 0.478125 0.5064814814814815 0.0765625 0.12777777777777777
16 0.5541666666666667 0.40370370370370373 0.08697916666666666 0.1537037037037037
2 0.937109375 0.2574074074074074 0.12578124999999996 0.5148148148148148
13 0.7583333333333333 0.5185185185185185 0.08072916666666667 0.1388888888888889
0 0.8447916666666667 0.5675925925925925 0.10677083333333333 0.21574074074074073
6 0.46927083333333336 0.49537037037037035 0.065625 0.14722222222222223
0 0.1546875 0.687962962962963 0.15364583333333334 0.2324074074074074
1 0.3265625 0.4740740740740741 0.12395833333333334 0.13055555555555556
11 0.76875 0.30694444444444446 0.18541666666666667 0.6138888888888889
2 0.8885416666666667 0.6777777777777778 0.17135416666666667 0.45
