0 0.6307291666666667 0.34444444444444444 0.05572916666666667 0.15
17 0.3875 0.9101851851851852 0.07864583333333333 0.14074074074074075
0 0.0890625 0.8435185185185186 0.11041666666666666 0.16203703703703703
12 0.7380208333333333 0.42685185185185187 0.04375 0.10277777777777777
3 0.5802083333333333 0.9125 0.071875 0.17500000000000004
5 0.64375 0.39166666666666666 0.06510416666666667 0.0787037037037037
14 0.7776041666666667 0.4777777777777778 0.10833333333333334 0.1935185185185185
7 0.6984375 0.5944444444444444 0.07916666666666666 0.10648148148148148
18 0.55625 0.4425925925925926 0.06458333333333334 0.14814814814814814
0 0.44114583333333335 0.4305555555555556 0.07760416666666667 0.17037037037037037
