11 0.37864583333333335 0.6712962962962963 0.178125 0.47314814814814815
0 0.8203125 0.1087962962962963 0.1703125 0.2175925925925926
13 0.20104166666666667 0.40185185185185185 0.07291666666666667 0.12407407407407407
17 0.3567708333333333 0.6537037037037037 0.06354166666666666 0.14537037037037037
18 0.1421875 0.3351851851851852 0.07447916666666667 0.10833333333333334
4 0.31875 0.7361111111111112 0.08854166666666667 0.14074074074074075
5 0.12083333333333333 0.2824074074074074 0.0984375 0.1111111111111111
15 0.165625 0.65 0.13697916666666668 0.23425925925925925
0 0.6822916666666666 0.7546296296296297 0.0578125 0.22962962962962963
7 0.19375 0.774074074074074 0.05260416666666667 0.09259259259259259
