19 0.8354166666666667 0.9592592592592593 0.10989583333333333 0.08148148148148149
0 0.6572916666666667 0.8055555555555556 0.09895833333333333 0.24537037037037038
18 0.6369791666666667 0.32407407407407407 0.0765625 0.1175925925925926
10 0.6145833333333334 0.6731481481481482 0.16666666666666666 0.25277777777777777
14 0.6739583333333333 0.6731481481481482 0.07916666666666666 0.15092592592592594
11 0.225 0.805324074074074 0.1953125 0.38935185185185195
7 0.6557291666666667 0.3638888888888889 0.090625 0.19444444444444445
0 0.26666666666666666 0.912037037037037 0.044270833333333336 0.17592592592592593
4 0.8276041666666667 0.6287037037037037 0.0828125 0.11296296296296296
8 0.6635416666666667 0.4675925925925926 0.0875 0.13333333333333333
