5 0.4552083333333333 0.49166666666666664 0.07083333333333333 0.10925925925925926
4 0.16614583333333333 0.35 0.08489583333333334 0.12777777777777777
16 0.5364583333333334 0.3537037037037037 0.08020833333333334 0.13703703703703704
0 0.4395833333333333 0.8648148148148148 0.0953125 0.15833333333333333
0 0.8807291666666667 0.14074074074074075 0.084375 0.19722222222222222
3 0.24739583333333334 0.2740740740740741 0.07291666666666667 0.1537037037037037
6 0.32395833333333335 0.5324074074074074 0.07395833333333333 0.15
9 0.4354166666666667 0.7935185185185185 0.0859375 0.13055555555555556
7 0.39010416666666664 0.6611111111111111 0.06614583333333333 0.11574074074074074
0 0.1078125 0.21944444444444444 0.09895833333333333 0.1712962962962963
