9 0.7739583333333333 0.8657407407407407 0.07864583333333333 0.10555555555555556
1 0.396875 0.03796296296296296 0.12552083333333333 0.07592592592592592
14 0.784375 0.6759259259259259 0.050520833333333334 0.10833333333333334
3 0.7916666666666666 0.41759259259259257 0.10364583333333334 0.14074074074074075
16 0.7067708333333333 0.5962962962962963 0.06510416666666667 0.13796296296296295
11 0.8567708333333334 0.3148148148148148 0.1515625 0.5037037037037037
11 0.10833333333333334 0.1650462962962963 0.1828125 0.3300925925925926
4 0.6260416666666667 0.7333333333333333 0.0953125 0.15555555555555556
1 0.8854166666666666 0.5351851851851852 0.08489583333333334 0.10925925925925926
4 0.65 0.6314814814814815 0.08333333333333333 0.16574074074074074
0 0.7197916666666667 0.0787037037037037 0.065625 0.1574074074074074
14 0.5901041666666667 0.4111111111111111 0.0890625 0.14907407407407408
2 0.20625 0.3527777777777778 0.20104166666666667 0.5194444444444445
