0 0.22447916666666667 0.9217592592592593 0.10208333333333333 0.15648148148148144
10 0.6880208333333333 0.41759259259259257 0.109375 0.22592592592592592
10 0.7791666666666667 0.46296296296296297 0.1640625 0.2212962962962963
1 0.5036458333333333 0.8962962962962963 0.103125 0.09074074074074075
15 0.8213541666666667 0.30833333333333335 0.08958333333333333 0.23703703703703705
19 0.653125 0.5138888888888888 0.0671875 0.1287037037037037
11 0.18333333333333332 0.4287037037037037 0.15364583333333334 0.45
4 0.8979166666666667 0.39814814814814814 0.06458333333333334 0.14814814814814814
2 0.6020833333333333 0.7268518518518519 0.1796875 0.4777777777777778
4 0.7536458333333333 0.2712962962962963 0.05625 0.08518518518518518
