2 0.8682291666666667 0.7215277777777778 0.18697916666666667 0.5569444444444445
9 0.5307291666666667 0.6555555555555556 0.058854166666666666 0.11944444444444445
9 0.6427083333333333 0.362962962962963 0.09583333333333334 0.1527777777777778
6 0.7114583333333333 0.20462962962962963 0.0640625 0.09537037037037037
17 0.5911458333333334 0.22870370370370371 0.08645833333333333 0.16203703703703703
4 0.6848958333333334 0.25833333333333336 0.0578125 0.10277777777777777
5 0.6645833333333333 0.28888888888888886 0.08020833333333334 0.22037037037037038
1 0.721875 0.3333333333333333 0.11510416666666666 0.11203703703703703
2 0.32760416666666664 0.7025462962962963 0.15364583333333334 0.5949074074074074
19 0.6510416666666666 0.5731481481481482 0.12760416666666666 0.175
11 0.5135416666666667 0.5740740740740741 0.17083333333333334 0.587037037037037
0 0.5395833333333333 0.8287037037037037 0.06510416666666667 0.2388888888888889
