12 0.22552083333333334 0.1638888888888889 0.053125 0.075
2 0.13125 0.8247685185185185 0.1421875 0.350462962962963
14 0.4890625 0.3592592592592593 0.08125 0.12129629629629629
18 0.49322916666666666 0.6509259259259259 0.08072916666666667 0.14907407407407408
6 0.43697916666666664 0.41388888888888886 0.0734375 0.16666666666666666
1 0.42083333333333334 0.950925925925926 0.08958333333333333 0.0981481481481481
17 0.42604166666666665 0.16296296296296298 0.10104166666666667 0.19444444444444445
1 0.4713541666666667 0.24537037037037038 0.09479166666666666 0.10462962962962963
5 0.5322916666666667 0.5712962962962963 0.06458333333333334 0.11388888888888889
10 0.48385416666666664 0.4009259259259259 0.1015625 0.1398148148148148
