8 0.453125 0.6472222222222223 0.0859375 0.11388888888888889
4 0.5786458333333333 0.16111111111111112 0.1015625 0.2111111111111111
5 0.5630208333333333 0.8027777777777778 0.08958333333333333 0.14351851851851852
7 0.3375 0.5768518518518518 0.1 0.17777777777777778
9 0.5510416666666667 0.3074074074074074 0.0578125 0.09074074074074075
0 0.7630208333333334 0.3574074074074074 0.13333333333333333 0.2064814814814815
2 0.2890625 0.2759259259259259 0.17083333333333334 0.4888888888888889
4 0.5838541666666667 0.31203703703703706 0.07239583333333334 0.1259259259259259
0 0.5385416666666667 0.6 0.14947916666666666 0.19722222222222222
0 0.4328125 0.2564814814814815 0.0734375 0.1935185185185185
12 0.5625 0.1787037037037037 0.10677083333333333 0.15
11 0.21666666666666667 0.868287037037037 0.20052083333333334 0.26342592592592595
