0 0.46875 0.6546296296296297 0.0625 0.1648148148148148
1 0.7401041666666667 0.4203703703703704 0.12447916666666667 0.15185185185185185
17 0.4609375 0.5953703703703703 0.128125 0.1712962962962963
18 0.6666666666666666 0.5138888888888888 0.06666666666666667 0.09814814814814815
16 0.5197916666666667 0.612037037037037 0.11510416666666666 0.1537037037037037
12 0.6036458333333333 0.5314814814814814 0.078125 0.1037037037037037
10 0.49270833333333336 0.5259259259259259 0.06979166666666667 0.16203703703703703
5 0.6770833333333334 0.43703703703703706 0.06302083333333333 0.13703703703703704
13 0.4609375 0.6101851851851852 0.06770833333333333 0.10740740740740741
0 0.7375 0.08726851851851852 0.05416666666666667 0.17453703703703705
