3 0.1078125 0.19074074074074074 0.049479166666666664 0.1287037037037037
6 0.28020833333333334 0.6388888888888888 0.10572916666666667 0.20462962962962963
4 0.3880208333333333 0.6509259259259259 0.08177083333333333 0.14907407407407408
15 0.25885416666666666 0.32222222222222224 0.10520833333333333 0.21296296296296297
2 0.7869791666666667 0.7768518518518518 0.24427083333333333 0.4462962962962964
0 0.35989583333333336 0.8925925925925926 0.04479166666666667 0.19444444444444445
2 0.471875 0.4222222222222222 0.16354166666666667 0.5342592592592592
0 0.6708333333333333 0.06435185185185185 0.10625 0.1287037037037037
2 0.37083333333333335 0.8289351851851852 0.20833333333333334 0.34212962962962956
8 0.20364583333333333 0.41388888888888886 0.084375 0.13796296296296295
