16 0.6770833333333334 0.24166666666666667 0.16145833333333334 0.18333333333333332
0 0.5979166666666667 0.3175925925925926 0.0484375 0.19814814814814816
11 0.3536458333333333 0.3990740740740741 0.14010416666666667 0.4212962962962963
4 0.7505208333333333 0.6601851851851852 0.0671875 0.1388888888888889
15 0.7723958333333333 0.7194444444444444 0.084375 0.10462962962962963
0 0.09791666666666667 0.6731481481481482 0.0546875 0.1824074074074074
11 0.85625 0.1701388888888889 0.18385416666666668 0.3402777777777778
17 0.9385416666666667 0.5083333333333333 0.07916666666666666 0.16203703703703703
15 0.928125 0.7916666666666666 0.1078125 0.1925925925925926
0 0.04635416666666667 0.10185185185185185 0.090625 0.175
