2 0.918359375 0.18032407407407408 0.16328125000000004 0.36064814814814816
0 0.3067708333333333 0.06481481481481483 0.078125 0.12962962962962965
1 0.47760416666666666 0.2361111111111111 0.09479166666666666 0.1111111111111111
19 0.3567708333333333 0.5259259259259259 0.1296875 0.2101851851851852
13 0.4109375 0.3768518518518518 0.0640625 0.12407407407407407
14 0.28541666666666665 0.7203703703703703 0.0890625 0.15092592592592594
11 0.353125 0.2462962962962963 0.16614583333333333 0.43796296296296294
12 0.31302083333333336 0.5518518518518518 0.07864583333333333 0.12777777777777777
3 0.2765625 0.6435185185185185 0.08385416666666666 0.10740740740740741
11 0.8244791666666667 0.7583333333333333 0.13385416666666666 0.4833333333333334
