3 0.7552083333333334 0.5416666666666666 0.07239583333333334 0.10555555555555556
18 0.5927083333333333 0.6453703703703704 0.059895833333333336 0.10277777777777777
13 0.43125 0.30833333333333335 0.06979166666666667 0.14537037037037037
2 0.8338541666666667 0.17777777777777778 0.16145833333333334 0.35555555555555557
2 0.775 0.6537037037037037 0.14375 0.6027777777777777
4 0.515625 0.5694444444444444 0.09114583333333333 0.17407407407407408
2 0.42135416666666664 0.6851851851851852 0.14270833333333333 0.4444444444444444
10 0.6307291666666667 0.5898148148148148 0.090625 0.12777777777777777
0 0.1015625 0.49722222222222223 0.0609375 0.23425925925925925
18 0.3984375 0.3175925925925926 0.06197916666666667 0.13333333333333333
