6 0.9420572916666666 0.5842592592592593 0.11588541666666674 0.17777777777777778
11 0.253125 0.7993055555555555 0.14947916666666666 0.4013888888888889
2 0.4713541666666667 0.1527777777777778 0.15364583333333334 0.3055555555555556
17 0.9390625 0.49907407407407406 0.11041666666666666 0.18796296296296297
7 0.7192708333333333 0.7481481481481481 0.09947916666666666 0.17314814814814813
19 0.8005208333333333 0.5268518518518519 0.13645833333333332 0.23055555555555557
3 0.8729166666666667 0.8546296296296296 0.040625 0.08425925925925926
12 0.4875 0.3907407407407407 0.08125 0.10648148148148148
0 0.8078125 0.5898148148148148 0.10416666666666667 0.2212962962962963
13 0.7307291666666667 0.48148148148148145 0.1265625 0.20092592592592592
