5 0.6052083333333333 0.8601851851851852 0.12291666666666666 0.1527777777777778
11 0.4817708333333333 0.6018518518518519 0.22708333333333333 0.5731481481481482
0 0.7109375 0.7287037037037037 0.1578125 0.19814814814814816
5 0.6890625 0.3472222222222222 0.057291666666666664 0.15
8 0.3885416666666667 0.7638888888888888 0.058854166666666666 0.09351851851851851
15 0.32135416666666666 0.6240740740740741 0.06145833333333333 0.1
14 0.47708333333333336 0.7 0.08125 0.1425925925925926
14 0.3421875 0.7342592592592593 0.058854166666666666 0.12222222222222222
1 0.9015625 0.03263888888888889 0.08958333333333333 0.06527777777777778
2 0.5713541666666667 0.775 0.15208333333333332 0.42592592592592593
8 0.3953125 0.6861111111111111 0.14479166666666668 0.16574074074074074
0 0.6432291666666666 0.7194444444444444 0.19427083333333334 0.24444444444444444
