7 0.45416666666666666 0.2935185185185185 0.07239583333333334 0.1259259259259259
14 0.559375 0.6027777777777777 0.0640625 0.08703703703703704
2 0.346875 0.5462962962962963 0.15260416666666668 0.4222222222222222
4 0.5536458333333333 0.6611111111111111 0.08645833333333333 0.11851851851851852
0 0.2328125 0.5935185185185186 0.0640625 0.16666666666666666
10 0.378125 0.8222222222222222 0.10052083333333334 0.23796296296296296
15 0.5786458333333333 0.9395833333333333 0.11458333333333333 0.12083333333333335
2 0.14322916666666666 0.6018518518518519 0.19114583333333332 0.48333333333333334
6 0.5234375 0.9409722222222222 0.07604166666666666 0.11805555555555558
6 0.6239583333333333 0.562962962962963 0.09895833333333333 0.1712962962962963
