0 0.13229166666666667 0.8969907407407407 0.07395833333333333 0.2060185185185186
19 0.5838541666666667 0.5037037037037037 0.121875 0.17314814814814813
0 0.8020833333333334 0.7055555555555556 0.109375 0.2351851851851852
8 0.45729166666666665 0.6564814814814814 0.12239583333333333 0.22777777777777777
9 0.3729166666666667 0.5740740740740741 0.078125 0.14444444444444443
11 0.7546875 0.3490740740740741 0.13958333333333334 0.42407407407407405
8 0.4895833333333333 0.6194444444444445 0.04739583333333333 0.10833333333333334
11 0.390625 0.7895833333333333 0.15208333333333332 0.4208333333333333
10 0.45 0.3925925925925926 0.0796875 0.11203703703703703
18 0.5104166666666666 0.5166666666666667 0.052083333333333336 0.09907407407407408
0 0.15833333333333333 0.13240740740740742 0.10520833333333333 0.2
10 0.696875 0.2953703703703704 0.06145833333333333 0.14722222222222223
2 0.7125 0.3972222222222222 0.12760416666666666 0.5537037037037037
