16 0.7145833333333333 0.6509259259259259 0.0640625 0.09722222222222222
10 0.7630208333333334 0.4685185185185185 0.1046875 0.17592592592592593
0 0.12395833333333334 0.14351851851851852 0.11145833333333334 0.2518518518518518
6 0.7526041666666666 0.4564814814814815 0.10104166666666667 0.11296296296296296
11 0.7083333333333334 0.8388888888888889 0.19427083333333334 0.3222222222222222
2 0.3765625 0.6074074074074074 0.18958333333333333 0.48703703703703705
18 0.6822916666666666 0.6333333333333333 0.046875 0.09722222222222222
11 0.8395833333333333 0.84375 0.16458333333333333 0.3125
19 0.70625 0.4388888888888889 0.10416666666666667 0.19166666666666668
0 0.026562500000000003 0.2074074074074074 0.053125000000000006 0.21574074074074073
