19 0.6322916666666667 0.40925925925925927 0.09427083333333333 0.1425925925925926
11 0.2640625 0.22777777777777777 0.14375 0.42407407407407405
17 0.7380208333333333 0.2388888888888889 0.08645833333333333 0.10740740740740741
0 0.13333333333333333 0.49537037037037035 0.07604166666666666 0.20092592592592592
2 0.8583333333333333 0.20555555555555555 0.165625 0.4111111111111111
12 0.5703125 0.6296296296296297 0.09739583333333333 0.12222222222222222
17 0.5744791666666667 0.575925925925926 0.06822916666666666 0.08888888888888889
5 0.5161458333333333 0.5305555555555556 0.0578125 0.15
8 0.8692708333333333 0.8583333333333333 0.07239583333333334 0.16574074074074074
5 0.6708333333333333 0.6509259259259259 0.06197916666666667 0.15925925925925927
11 0.4901041666666667 0.7296296296296296 0.14427083333333332 0.44074074074074077
