0 0.0890625 0.2601851851851852 0.10260416666666666 0.24722222222222223
6 0.5375 0.23703703703703705 0.07708333333333334 0.19722222222222222
11 0.09270833333333334 0.7583333333333333 0.16666666666666666 0.4833333333333334
13 0.39114583333333336 0.35648148148148145 0.0703125 0.13796296296296295
4 0.5145833333333333 0.65 0.103125 0.15462962962962962
0 0.8161458333333333 0.7435185185185185 0.13854166666666667 0.1787037037037037
15 0.40208333333333335 0.6509259259259259 0.09375 0.15555555555555556
14 0.6145833333333334 0.7277777777777777 0.07395833333333333 0.12314814814814815
0 0.1453125 0.11851851851851852 0.14635416666666667 0.23703703703703705
2 0.6005208333333333 0.33055555555555555 0.153125 0.4564814814814815
