11 0.5760416666666667 0.11597222222222223 0.17135416666666667 0.23194444444444445
9 0.35208333333333336 0.35 0.0609375 0.12685185185185185
5 0.23958333333333334 0.7027777777777777 0.05416666666666667 0.08333333333333333
8 0.10677083333333333 0.6972222222222222 0.0703125 0.1259259259259259
9 0.2796875 0.5777777777777777 0.10364583333333334 0.1388888888888889
2 0.44635416666666666 0.8273148148148148 0.16458333333333333 0.3453703703703703
0 0.4791666666666667 0.6305555555555555 0.06979166666666667 0.2037037037037037
6 0.16614583333333333 0.525 0.07552083333333333 0.17314814814814813
0 0.253125 0.7148148148148148 0.103125 0.1527777777777778
7 0.2682291666666667 0.7083333333333334 0.04635416666666667 0.13148148148148148
0 0.23645833333333333 0.7212962962962963 0.06927083333333334 0.15648148148148147
