18 0.3859375 0.7074074074074074 0.07604166666666666 0.1287037037037037
11 0.6651041666666667 0.8053240740740741 0.215625 0.38935185185185184
11 0.95078125 0.31203703703703706 0.09843749999999996 0.5444444444444444
7 0.3546875 0.48518518518518516 0.065625 0.08703703703703704
10 0.35208333333333336 0.3 0.16458333333333333 0.23981481481481481
18 0.4979166666666667 0.3861111111111111 0.08125 0.14166666666666666
12 0.5942708333333333 0.04189814814814814 0.0609375 0.08379629629629629
2 0.4583333333333333 0.16296296296296298 0.19427083333333334 0.32592592592592595
0 0.11510416666666666 0.9219907407407407 0.12083333333333333 0.15601851851851856
13 0.38645833333333335 0.48148148148148145 0.09427083333333333 0.14537037037037037
