19 0.2791666666666667 0.3851851851851852 0.1515625 0.21296296296296297
4 0.18802083333333333 0.95625 0.0671875 0.08749999999999991
5 0.2421875 0.7185185185185186 0.10885416666666667 0.1712962962962963
5 0.32864583333333336 0.6259259259259259 0.08541666666666667 0.12962962962962962
11 0.6703125 0.7759259259259259 0.15052083333333333 0.43425925925925923
2 0.9372395833333333 0.8206018518518519 0.1255208333333333 0.3587962962962963
14 0.2234375 0.7407407407407407 0.05416666666666667 0.13703703703703704
17 0.3104166666666667 0.6416666666666667 0.090625 0.175
0 0.15885416666666666 0.5175925925925926 0.0625 0.2833333333333333
1 0.9729166666666667 0.075 0.054166666666666696 0.10925925925925926
