18 0.5255208333333333 0.787962962962963 0.07864583333333333 0.14722222222222223
17 0.46770833333333334 0.262037037037037 0.10364583333333334 0.1574074074074074
4 0.5520833333333334 0.5361111111111111 0.1078125 0.14814814814814814
16 0.33489583333333334 0.36944444444444446 0.04739583333333333 0.12777777777777777
1 0.37916666666666665 0.19537037037037036 0.16041666666666668 0.20185185185185187
0 0.5859375 0.29074074074074074 0.06666666666666667 0.11851851851851852
7 0.8015625 0.5583333333333333 0.07135416666666666 0.13240740740740742
11 0.24375 0.30462962962962964 0.1578125 0.462037037037037
6 0.6828125 0.5009259259259259 0.14947916666666666 0.1824074074074074
0 0.0734375 0.5212962962962963 0.07239583333333334 0.21388888888888888
