1 0.09166666666666666 0.8388888888888889 0.13802083333333334 0.125
10 0.5979166666666667 0.9085648148148148 0.14270833333333333 0.18287037037037046
5 0.9098958333333333 0.8194444444444444 0.096875 0.13796296296296295
12 0.9694010416666667 0.5157407407407407 0.06119791666666663 0.19166666666666668
16 0.7666666666666667 0.7037037037037037 0.12083333333333333 0.13055555555555556
6 0.8427083333333333 0.44907407407407407 0.071875 0.12407407407407407
2 0.31875 0.7231481481481481 0.16770833333333332 0.4564814814814815
16 0.7067708333333333 0.5120370370370371 0.08489583333333334 0.1814814814814815
11 0.8895833333333333 0.2502314814814815 0.15572916666666667 0.500462962962963
17 0.8296875 0.75 0.15520833333333334 0.22592592592592592
2 0.2916666666666667 0.7435185185185185 0.14479166666666668 0.512962962962963
