3 0.5526041666666667 0.6111111111111112 0.04791666666666667 0.12407407407407407
0 0.6776041666666667 0.6166666666666667 0.10677083333333333 0.2037037037037037
4 0.5526041666666667 0.4759259259259259 0.07291666666666667 0.13518518518518519
10 0.48541666666666666 0.7981481481481482 0.159375 0.25
7 0.5317708333333333 0.7046296296296296 0.057291666666666664 0.10555555555555556
1 0.7786458333333334 0.7138888888888889 0.06197916666666667 0.1037037037037037
9 0.49270833333333336 0.21666666666666667 0.06875 0.13055555555555556
2 0.775 0.23125 0.14583333333333334 0.4625
0 0.14583333333333334 0.1439814814814815 0.13177083333333334 0.287962962962963
16 0.496875 0.5916666666666667 0.09739583333333333 0.17407407407407408
