10 0.396875 0.8685185185185185 0.09010416666666667 0.1712962962962963
15 0.5895833333333333 0.38981481481481484 0.109375 0.21666666666666667
10 0.5078125 0.7861111111111111 0.14791666666666667 0.23796296296296296
16 0.2869791666666667 0.6194444444444445 0.065625 0.11851851851851852
6 0.3828125 0.55 0.08802083333333334 0.12314814814814815
7 0.30416666666666664 0.49074074074074076 0.1046875 0.14629629629629629
11 0.6953125 0.22430555555555554 0.1734375 0.44861111111111107
0 0.8760416666666667 0.6925925925925925 0.0515625 0.18703703703703703
0 0.030208333333333337 0.26481481481481484 0.060416666666666674 0.22407407407407406
9 0.3125 0.7518518518518519 0.06510416666666667 0.13518518518518519
