0 0.4390625 0.587037037037037 0.08697916666666666 0.20925925925925926
13 0.796875 0.16296296296296298 0.11666666666666667 0.17314814814814813
11 0.6942708333333333 0.3435185185185185 0.13958333333333334 0.42777777777777776
15 0.5911458333333334 0.4185185185185185 0.1453125 0.2796296296296296
16 0.6958333333333333 0.4759259259259259 0.06770833333333333 0.13425925925925927
10 0.7359375 0.7333333333333333 0.12552083333333333 0.13148148148148148
3 0.6260416666666667 0.674074074074074 0.06770833333333333 0.13333333333333333
10 0.778125 0.47314814814814815 0.1046875 0.18796296296296297
0 0.621875 0.40555555555555556 0.075 0.18333333333333332
0 0.11666666666666667 0.26666666666666666 0.13854166666666667 0.25
