2 0.6390625 0.6185185185185185 0.16145833333333334 0.49444444444444446
0 0.66875 0.39537037037037037 0.12083333333333333 0.16574074074074074
0 0.8833333333333333 0.8583333333333333 0.09427083333333333 0.26481481481481484
12 0.5260416666666666 0.5518518518518518 0.0640625 0.18425925925925926
0 0.26197916666666665 0.3685185185185185 0.1328125 0.2111111111111111
15 0.38229166666666664 0.4203703703703704 0.09583333333333334 0.1388888888888889
15 0.4015625 0.35185185185185186 0.06458333333333334 0.11203703703703703
2 0.22239583333333332 0.4462962962962963 0.18541666666666667 0.4685185185185185
6 0.6640625 0.6777777777777778 0.1296875 0.23333333333333334
10 0.41354166666666664 0.8814814814814815 0.12916666666666668 0.18981481481481483
5 0.6208333333333333 0.5601851851851852 0.08333333333333333 0.16018518518518518
6 0.5453125 0.637962962962963 0.06302083333333333 0.0962962962962963
