2 0.29635416666666664 0.475 0.2015625 0.512962962962963
11 0.90546875 0.4685185185185185 0.18906250000000002 0.5703703703703704
17 0.6927083333333334 0.30462962962962964 0.128125 0.18703703703703703
16 0.7026041666666667 0.4361111111111111 0.06927083333333334 0.09444444444444444
12 0.6197916666666666 0.6287037037037037 0.052083333333333336 0.125
0 0.8942708333333333 0.08865740740740741 0.0625 0.17731481481481481
0 0.240625 0.1175925925925926 0.04479166666666667 0.18333333333333332
11 0.6208333333333333 0.7152777777777778 0.20833333333333334 0.5694444444444444
4 0.5348958333333333 0.6972222222222222 0.0609375 0.09814814814814815
8 0.5734375 0.4444444444444444 0.1421875 0.23148148148148148
10 0.4010416666666667 0.4777777777777778 0.16197916666666667 0.24814814814814815
0 0.415625 0.5583333333333333 0.06770833333333333 0.1574074074074074
