13 0.4239583333333333 0.1574074074074074 0.0890625 0.18425925925925926
8 0.1640625 0.43796296296296294 0.06354166666666666 0.1259259259259259
4 0.28854166666666664 0.5638888888888889 0.07864583333333333 0.11018518518518519
19 0.590625 0.5888888888888889 0.1171875 0.2111111111111111
0 0.8921875 0.3574074074074074 0.15 0.2935185185185185
5 0.3067708333333333 0.2833333333333333 0.04739583333333333 0.10185185185185185
11 0.76875 0.7592592592592593 0.14791666666666667 0.4814814814814815
15 0.39947916666666666 0.5703703703703704 0.13020833333333334 0.1398148148148148
0 0.9223958333333333 0.24444444444444444 0.06666666666666667 0.21944444444444444
11 0.48125 0.700925925925926 0.1484375 0.42685185185185187
0 0.4484375 0.23425925925925925 0.09114583333333333 0.2712962962962963
5 0.4348958333333333 0.4666666666666667 0.0609375 0.07037037037037037
