4 0.5546875 0.40555555555555556 0.0703125 0.1574074074074074
13 0.659375 0.48518518518518516 0.0640625 0.13703703703703704
6 0.6234375 0.575 0.084375 0.12685185185185185
11 0.6369791666666667 0.48055555555555557 0.15729166666666666 0.5546296296296296
1 0.6713541666666667 0.9532407407407408 0.0953125 0.09351851851851845
4 0.6755208333333333 0.562962962962963 0.0671875 0.13240740740740742
19 0.46979166666666666 0.6916666666666667 0.13072916666666667 0.14074074074074075
13 0.81875 0.3194444444444444 0.07552083333333333 0.11944444444444445
0 0.33645833333333336 0.12314814814814815 0.12916666666666668 0.15555555555555556
0 0.9559895833333334 0.912037037037037 0.08802083333333333 0.17592592592592593
6 0.7354166666666667 0.4935185185185185 0.10677083333333333 0.1287037037037037
