5 0.7135416666666666 0.4425925925925926 0.06770833333333333 0.13518518518518519
15 0.7927083333333333 0.4601851851851852 0.14166666666666666 0.2518518518518518
10 0.8364583333333333 0.5055555555555555 0.10885416666666667 0.16296296296296298
2 0.37083333333333335 0.8215277777777777 0.1421875 0.3569444444444445
11 0.9109375 0.8143518518518519 0.1703125 0.37129629629629624
13 0.728125 0.30277777777777776 0.07604166666666666 0.1648148148148148
1 0.0796875 0.08055555555555556 0.10625 0.12777777777777777
5 0.8359375 0.5879629629629629 0.0890625 0.1787037037037037
11 0.1203125 0.5305555555555556 0.12916666666666668 0.38796296296296295
0 0.9078125 0.8111111111111111 0.05416666666666667 0.18333333333333332
10 0.8333333333333334 0.9337962962962962 0.15572916666666667 0.13240740740740742
7 0.8338541666666667 0.8740740740740741 0.06770833333333333 0.1962962962962963
