2 0.6864583333333333 0.30277777777777776 0.16875 0.5981481481481481
0 0.40572916666666664 0.9541666666666666 0.07447916666666667 0.09166666666666667
16 0.49270833333333336 0.5046296296296297 0.08333333333333333 0.175
16 0.6291666666666667 0.9502314814814815 0.07864583333333333 0.09953703703703698
13 0.46875 0.5157407407407407 0.065625 0.08981481481481482
2 0.803125 0.8157407407407407 0.1921875 0.3685185185185186
6 0.65 0.28055555555555556 0.10520833333333333 0.18518518518518517
14 0.6166666666666667 0.3972222222222222 0.07864583333333333 0.1425925925925926
15 0.4744791666666667 0.40185185185185185 0.0984375 0.15
11 0.17916666666666667 0.549074074074074 0.1578125 0.45925925925925926
