0 0.5609375 0.44537037037037036 0.0625 0.2111111111111111
0 0.16666666666666666 0.8925925925925926 0.04791666666666667 0.1925925925925926
18 0.7869791666666667 0.2722222222222222 0.0859375 0.16018518518518518
18 0.6796875 0.5842592592592593 0.08385416666666666 0.15092592592592594
0 0.5645833333333333 0.13333333333333333 0.07552083333333333 0.21481481481481482
16 0.7619791666666667 0.36944444444444446 0.07604166666666666 0.12222222222222222
4 0.56875 0.35185185185185186 0.0859375 0.17407407407407408
3 0.9140625 0.175 0.0921875 0.11666666666666667
5 0.8848958333333333 0.36203703703703705 0.09375 0.13055555555555556
2 0.7822916666666667 0.7076388888888889 0.17083333333333334 0.5847222222222223
11 0.8734375 0.31666666666666665 0.1765625 0.6333333333333333
2 0.6026041666666667 0.7379629629629629 0.1328125 0.524074074074074
13 0.6901041666666666 0.5324074074074074 0.1171875 0.1648148148148148
