2 0.22916666666666666 0.7175925925925926 0.16197916666666667 0.5648148148148148
1 0.13541666666666666 0.1537037037037037 0.08697916666666666 0.13796296296296295
19 0.3880208333333333 0.7870370370370371 0.11145833333333334 0.15185185185185185
5 0.1015625 0.2537037037037037 0.078125 0.20555555555555555
3 0.1890625 0.3990740740740741 0.07395833333333333 0.12037037037037036
14 0.23072916666666668 0.6861111111111111 0.0796875 0.21666666666666667
2 0.8895833333333333 0.6527777777777778 0.17916666666666667 0.44537037037037036
9 0.10729166666666666 0.8296296296296296 0.0859375 0.13240740740740742
17 0.4354166666666667 0.6685185185185185 0.08020833333333334 0.12777777777777777
17 0.18385416666666668 0.8601851851851852 0.09479166666666666 0.18611111111111112
