15 0.5177083333333333 0.7064814814814815 0.15677083333333333 0.2611111111111111
0 0.12916666666666668 0.34444444444444444 0.10572916666666667 0.1935185185185185
10 0.3703125 0.35462962962962963 0.10364583333333334 0.1287037037037037
6 0.7255208333333333 0.5231481481481481 0.10520833333333333 0.10555555555555556
6 0.48333333333333334 0.44074074074074077 0.1078125 0.17407407407407408
1 0.48489583333333336 0.49907407407407406 0.059895833333333336 0.13240740740740742
14 0.19791666666666666 0.7314814814814815 0.08072916666666667 0.1259259259259259
8 0.4630208333333333 0.4740740740740741 0.11354166666666667 0.17037037037037037
2 0.916796875 0.33055555555555555 0.16640624999999998 0.4759259259259259
14 0.42239583333333336 0.3138888888888889 0.08489583333333334 0.21296296296296297
0 0.678125 0.7953703703703704 0.07552083333333333 0.2
