0 0.4973958333333333 0.21574074074074073 0.08229166666666667 0.21944444444444444
0 0.03307291666666667 0.7796296296296297 0.06614583333333333 0.24351851851851852
2 0.7 0.6814814814814815 0.15833333333333333 0.44814814814814813
10 0.5088541666666667 0.41388888888888886 0.07447916666666667 0.14351851851851852
11 0.42864583333333334 0.575925925925926 0.18229166666666666 0.44814814814814813
5 0.5088541666666667 0.4324074074074074 0.08177083333333333 0.2222222222222222
18 0.7182291666666667 0.5064814814814815 0.06979166666666667 0.10185185185185185
11 0.91015625 0.13611111111111113 0.1796875 0.27222222222222225
18 0.5088541666666667 0.48148148148148145 0.08229166666666667 0.12777777777777777
12 0.4942708333333333 0.9655092592592592 0.10625 0.06898148148148153
8 0.7625 0.8740740740740741 0.0578125 0.09351851851851851
0 0.33229166666666665 0.9171296296296296 0.1046875 0.16574074074074074
