10 0.53125 0.7592592592592593 0.14010416666666667 0.2601851851851852
4 0.5947916666666667 0.31666666666666665 0.0921875 0.1925925925925926
10 0.5739583333333333 0.3 0.07864583333333333 0.14351851851851852
0 0.7838541666666666 0.5037037037037037 0.08072916666666667 0.19537037037037036
3 0.575 0.5388888888888889 0.06979166666666667 0.15555555555555556
7 0.4401041666666667 0.5407407407407407 0.07239583333333334 0.1287037037037037
11 0.950390625 0.8745370370370371 0.09921875000000002 0.2509259259259259
0 0.6223958333333334 0.9469907407407407 0.109375 0.10601851851851851
2 0.1578125 0.7055555555555556 0.12447916666666667 0.4
0 0.07395833333333333 0.5027777777777778 0.04739583333333333 0.1648148148148148
