9 0.6734375 0.725925925925926 0.10416666666666667 0.13148148148148148
2 0.28958333333333336 0.6861111111111111 0.16041666666666668 0.5398148148148149
11 0.14010416666666667 0.7710648148148148 0.12708333333333333 0.45787037037037037
0 0.7911458333333333 0.7675925925925926 0.04635416666666667 0.21481481481481482
0 0.8239583333333333 0.23796296296296296 0.0546875 0.21203703703703702
15 0.6776041666666667 0.7685185185185185 0.1265625 0.18888888888888888
3 0.6598958333333333 0.5796296296296296 0.06510416666666667 0.15648148148148147
19 0.59375 0.5935185185185186 0.06979166666666667 0.13333333333333333
16 0.6739583333333333 0.6851851851851852 0.084375 0.14444444444444443
11 0.9220052083333333 0.23425925925925925 0.15598958333333335 0.4685185185185185
9 0.759375 0.4083333333333333 0.07916666666666666 0.14629629629629629
