17 0.2557291666666667 0.2564814814814815 0.165625 0.23703703703703705
0 0.059375 0.725925925925926 0.07135416666666666 0.25
2 0.3234375 0.20717592592592593 0.165625 0.41435185185185186
0 0.6708333333333333 0.08425925925925926 0.05416666666666667 0.1527777777777778
10 0.346875 0.2935185185185185 0.10989583333333333 0.16666666666666666
0 0.18541666666666667 0.09699074074074074 0.11875 0.19398148148148148
4 0.240625 0.21388888888888888 0.078125 0.1
8 0.15572916666666667 0.5657407407407408 0.1171875 0.1685185185185185
2 0.7859375 0.8638888888888889 0.18958333333333333 0.27222222222222214
6 0.30364583333333334 0.11782407407407408 0.12447916666666667 0.23564814814814816
